9926
10113
10122
10064
9988
9846
10033
10157
9962
10131
10077
9973
9960
9967
9989
9938
9984
10016
9949
10068
9907
10065
10009
9943
9893
9981
10082
9990
9956
10147
9977
9916
10164
9941
9921
9943
10087
9956
9906
10008
10186
9991
9945
9982
10073
9983
9937
10044
10012
9832
10192
9867
9938
9943
10007
10202
9935
9965
9894
10081
9966
9962
9969
9903
10027
10066
10078
10083
10053
10062
9987
10021
10065
10042
10045
10004
9979
10085
9960
10021
10057
9964
9988
9866
9969
10106
9912
9969
9994
9909
9982
10074
10084
9913
9970
9880
10066
9928
9933
9939
10140
9872
10005
9951
10016
9946
10104
10107
10073
10138
9881
9893
10104
9900
9975
9916
9871
10004
10003
9859
10037
10052
9796
9993
10091
10043
10053
9973
10192
10064
10060
10082
10026
9854
9907
9961
10011
10069
10030
10010
10263
9869
9934
9904
10029
9996
9968
10048
9952
10021
10103
10041
10049
10024
9952
9962
10033
10024
10118
10014
9898
9811
9879
9937
10074
10113
10233
9965
10109
10027
9847
10051
9860
9944
10040
10005
9887
9849
10011
10074
9860
10040
9962
10057
10104
9908
9871
10272
10140
10052
9958
9856
9847
9986
10015
9989
10027
9793
10038
10092
9914
10012
10040
10026
10055
9964
9864
9884
10113
10152
10019
9809
9917
10128
9969
9843
9955
10033
10053
10012
9857
10029
9987
10063
10128
10050
9850
10058
9967
9965
10000
10191
9719
10121
10054
10123
10073
9882
9753
9805
10038
9873
10176
10143
9995
9989
10132
9890
10003
10033
10097
9949
10009
10028
9885
9979
10083
10033
9819
9902
10096
9862
9959
10101
9967
10042
10150
9881
10016
9952
9751
10123
10072
10046
9932
10032
9911
10155
9756
9934
10004
9991
9910
10007
10083
9793
10055
10046
9819
9897
9785
10076
9931
10031
9934
10089
10173
9923
10175
9951
9898
10088
10170
9949
10039
10055
9937
9747
10011
10054
9845
9995
9894
9900
10152
9972
10059
9820
10033
10214
9730
10072
10086
9959
10158
9926
10018
9870
9959
9993
9639
10081
9896
10191
9841
10115
10003
10052
10060
9815
9991
9984
9871
10101
10173
9974
10007
9995
10192
10007
9948
9802
9817
9934
10016
9885
9970
9826
9950
9808
10001
10199
9965
9969
10040
9993
10007
10093
10013
9996
10215
10021
10008
10010
9949
9969
10065
10024
10011
9988
9994
9992
10104
10047
10134
10125
9940
10011
10052
10178
9929
9974
10060
10088
10006
9901
9854
9932
9960
10048
9938
10093
10142
9931
10111
9994
9843
10006
10038
9951
9988
9970
10072
10041
10158
10042
9989
10026
9715
10057
9951
9979
9859
10077
9908
10175
10099
10172
9963
9930
9863
9962
10084
10183
9975
9918
9995
9926
10057
9848
10095
9912
10077
10147
10057
10069
10015
9897
10079
10107
9894
9957
9963
9988
9858
9975
9944
10104
9951
9958
10036
10237
9973
9937
9903
10102
9905
10098
10030
10087
9964
10006
9995
10108
10027
10109
9936
10060
10020
9886
10066
10089
9984
9927
9973
10055
9894
9984
9903
9815
10110
9905
9885
10098
9891
9937
9965
10252
10037
9952
10085
9887
9800
10294
9954
10001
10004
9846
9857
9915
10011
9902
10054
10021
9957
10011
10061
9928
9927
9898
10108
10017
9797
9856
10023
9920
9901
10148
10076
10049
10014
10209
10031
9951
9765
10151
10027
9957
9823
9964
9927
9846
10024
10156
9912
10041
9883
9939
9968
9955
10087
10047
10069
10122
10030
10080
9746
9881
10065
9967
10075
10098
9843
9981
10064
9964
9924
10124
9889
9963
9849
9961
10026
9818
10122
10092
9946
9932
9963
9903
9665
9933
9948
10048
10002
9989
9800
9914
10097
9985
10112
9947
10079
10108
10023
9902
9899
10035
10131
10026
10068
10228
9783
10059
9955
10023
9926
9778
10055
9786
10187
9929
9812
9995
10103
9966
10037
9878
10038
9987
9840
10042
10144
9872
10047
9964
10228
10076
9978
10029
10047
9823
9993
10118
10220
10005
10015
9959
10111
10092
10010
10014
10000
9823
10056
9993
10068
10126
10061
9945
9831
9868
10011
10024
10111
10121
10244
10021
10104
10229
10138
9889
9958
10023
9797
10077
10031
10141
10288
10033
10014
9849
10032
9933
10196
9974
10158
9943
9989
9886
9962
10025
9989
9918
9823
9930
9937
9844
9771
10098
10133
9897
9850
9801
9869
10032
9983
10023
9996
9855
9954
10092
9893
10061
10181
9877
10059
9987
10067
10137
9951
10126
10039
10114
9935
10161
9790
10037
9871
9934
10188
9988
9993
9996
9951
10029
9963
9867
10011
9964
9963
10068
10029
10030
9959
10205
9956
9856
9776
10075
9956
10037
10065
10102
10047
10000
9879
9907
9981
10063
9958
9838
10124
10022
9963
9959
9957
10067
9974
10317
10050
10247
9987
10133
9962
10031
9932
10109
9979
10058
10054
10043
10135
9987
9939
10080
9865
9916
9869
9898
9939
9887
9971
9862
9963
10039
9918
9895
10077
9806
9929
10206
9922
9801
10070
10060
9870
9978
9912
9972
9802
10076
9993
9917
9867
10002
9976
9930
9983
9977
9965
9998
9969
9891
9924
9952
9925
10148
10007
10003
9941
9955
9796
10172
9917
9964
10153
9767
10109
9999
10129
10130
9820
9929
10102
10160
9874
10061
10049
10063
9902
9834
10022
10083
10009
10016
9896
9950
10078
9984
10042
10098
10054
9993
9869
9855
9977
10077
10017
10020
9849
9963
10073
10178
10078
9916
9942
9991
9928
10026
9994
10046
10026
9967
10149
9773
10181
10046
9773
10029
10041
10109
10087
9941
9884
9907
10047
10207
9946
10059
9938
9946
10112
10126
9957
9990
9992
9928
10003
10147
9999
10082
9952
9918
10032
9894
9940
10028
10027
9991
9994
9951
9888
10263
9809
9999
9933
9971
9967
9978
10020
10022
9794
10156
10100
9947
9977
10100
9889
10010
9905
10001
10046
9980
10007
10016
9967
10005
10062
10031
9895
9924
10025
9937
10166
10169
9987
9936
9994
10165
10002
10054
10084
10144
10188
10120
10148
10126
9953
9855
9839
9983
10025
10083
9916
9965
10003
10241
10188
9947
9917
9861
9927
10002
10096
10030
9874
9889
9986
9916
9934
9953
9942
10003
9952
10123
9989
9907
10055
10026
10138
9893
10027
9966
9920
10023
10157
10061
10032
9920
10096
10102
10012
10137
10023
10050
9818
9969
10076
10066
9969
9840
10022
9856
10008
10035
10019
9931
10124
10052
9969
10119
9892
10097
10038
9907
10192
9993
10003
10056
9992
10166
10023
9996
9965
10038
9861
9912
10095
9961
10017
10078
9916
9903
9939
9961
10256
9949
9982
10081
9853
10074
9930
9939
10088
10025
10024
9915
9981
10033
9947
10121
10090
10045
10030
10038
10105
9984
9810
10002
10032
9760
9991
9954
10049
10096
10084
9834
10044
10039
9959
10193
10215
10011
9931
9806
9970
9812
10004
9967
9937
10143
9954
9890
10060
10043
9988
10008
10134
9986
10080
10042
10128
10056
9814
9980
10250
9821
9869
10009
10139
10031
10077
9848
10011
10051
10095
9988
10098
9950
10005
9967
9902
9945
9907
10121
9791
10080
10033
10016
9914
9945
10119
9736
9830
9904
10006
10038
10084
9882
10087
10022
10131
9976
10021
10111
9737
10118
10222
9878
10209
10092
10138
10250
10176
10051
9952
10058
9915
9904
9950
9795
9981
9984
10097
10084
9998
10106
10199
9837
10016
10023
10043
9987
9872
9929
9982
9850
9956
9989
10013
10133
9963
9960
10021
9957
9985
9867
9926
9947
9864
10016
9952
10027
10003
10013
9892
10167
10106
9917
10003
10020
10039
9903
9824
10080
9992
10008
9986
9930
9898
9902
10068
9866
10027
9966
9971
10143
10009
10079
9984
10001
9911
9955
9914
10176
10229
10224
9923
10120
10187
10125
10016
10034
9982
9890
9853
9962
9966
10043
10055
9869
10078
10100
10024
10071
10011
9983
9899
9745
10083
10127
9995
10064
10096
9855
9979
9963
10040
9870
9935
9969
9927
10114
9979
9946
9911
10153
10036
10030
10003
10037
10080
9941
9953
10044
10024
10023
10012
10236
9944
10052
10132
9902
9915
9823
10052
10102
10168
9938
10089
10126
9948
10039
9985
9972
10030
10081
10112
9869
10180
9954
9883
9928
9951
10067
10174
9968
9989
10130
10277
9943
9935
9989
10115
9901
10036
9990
9772
9860
9858
9953
10139
9906
10033
9978
10038
9980
10195
10050
9932
10148
10068
10036
9990
10093
9894
9845
9939
10008
10045
10201
9852
9971
9951
9860
9958
9940
10053
10063
9848
9910
9985
10205
10283
9915
9987
10076
10052
9825
10085
9889
10032
10043
9846
9936
9985
10085
10103
10114
10135
9888
9770
10030
10000
10242
9986
9988
10011
10002
9627
10024
9888
10006
9981
9805
10085
9978
9991
9952
9993
10142
10028
9974
10053
9797
9783
10053
10120
9914
10207
10061
10147
9926
10081
10087
9870
10035
10025
10146
10194
9931
10032
10148
9995
10092
10024
9974
9976
9903
9827
9913
10054
10080
9973
9976
10059
10253
10129
9929
9999
9911
9968
10048
9983
9911
9969
10221
10030
9931
10162
10046
10023
10073
10069
9919
10120
10161
9998
9972
9867
10019
10086
9990
10212
9893
10062
9897
10104
10029
9997
9993
10043
10117
10073
9995
10103
9996
9918
9992
10165
9989
9923
10107
10030
9949
10001
10076
9957
10182
10230
9842
9797
10021
9935
10132
10026
10036
9893
10169
9932
9966
10122
9951
10104
10019
9891
9961
9924
9940
9787
10100
9961
10036
10154
9930
10046
9862
10066
10170
9997
9996
9792
10129
10114
10104
9950
9836
9976
10054
9928
9921
10137
10100
10052
10252
10045
10111
10127
10065
10038
9987
10053
10153
10105
10045
10110
10118
9889
10155
10033
9984
10095
9961
10156
9933
10155
10069
10042
10070
10062
10064
10088
10072
9841
10029
10038
10026
10079
9960
10089
9843
9919
9926
9989
9941
10086
9924
9831
9882
10090
9957
10079
9982
10041
9973
9919
10190
10041
10090
10003
9922
10074
10032
9910
10118
9983
9989
9933
9908
9987
10046
9934
9824
10041
9864
10048
9967
10025
10019
9874
10170
9999
10021
9938
10192
9923
10052
10079
9920
10009
9884
9997
10037
10084
10006
10031
10079
10131
9917
10055
10029
9972
9784
9852
9971
9730
9883
9907
10023
9997
9905
10086
9850
10047
10048
10021
9942
9976
9967
9955
10009
10102
10069
10082
9940
9908
10177
9885
9986
9968
10061
10006
10163
10070
10226
10252
9819
10068
9966
9812
9842
10001
10295
10133
10114
10096
9913
9992
10088
9839
9807
10173
9912
9926
10040
9980
9971
9949
9880
9988
10123
9997
10069
10075
9861
9901
9995
10113
10022
9992
9955
10185
9946
9985
10041
10099
9971
9873
10137
9930
9961
9913
9843
10175
9925
10080
10075
9873
9950
9875
10095
9927
10138
10071
10115
9836
10024
9857
9925
10066
9989
10052
9890
10093
9808
10066
9996
10117
10045
9981
10087
9946
10147
10139
10197
10136
10043
10154
10061
9843
10188
10253
10123
10019
10024
9866
9942
10198
10006
9970
10040
9917
9873
9925
10007
10057
9995
10042
10061
10104
10066
10123
9830
9825
10036
9810
9915
10128
9928
10195
10066
9958
9960
9987
9982
9911
10070
9853
10038
10077
10056
9933
10057
9845
10023
10006
9892
9930
9985
10152
9737
10072
10143
9839
10117
10110
10136
9967
9902
9960
10076
10242
10006
10058
10034
9769
9942
10173
9912
9912
9939
10089
10060
9881
9979
10003
10035
9980
9899
10208
10136
9993
9922
10007
9923
9990
9753
9960
10127
9847
10090
10086
10151
10074
9806
10010
10097
10001
10053
10055
10053
9777
10116
10003
10057
10300
9877
9941
9848
10002
10154
10097
10039
10195
9913
10056
10059
10056
9936
10101
10250
9981
9827
10199
10006
9923
10120
9985
9957
9889
10059
10027
10113
9838
10103
9916
10062
10044
9978
10000
10011
10183
10158
9959
10085
9962
10112
9925
10011
10153
10088
10024
10006
9982
9815
9929
9958
10022
10084
10094
10107
10072
10015
9959
9990
9864
9979
9966
9939
10286
10103
9965
9804
10233
9964
9949
10074
10185
9965
10079
9900
10077
10142
9706
10105
9797
9908
10145
9780
10041
10194
10218
9803
9944
10030
9952
10064
9964
10287
10108
10045
10054
9928
10040
10070
9942
9905
10006
9972
10113
9928
10154
10038
10009
10061
9970
10152
9974
10144
10040
9890
10052
10028
9958
10059
9910
10037
9952
9883
9943
10031
9838
9954
9949
9987
9856
9957
10201
9979
10097
9852
9923
9902
10015
9957
10053
10078
9930
9990
9994
9965
10008
10092
9971
9899
9935
10127
10112
9899
9875
9965
9855
9966
9864
9706
9989
9978
9992
9998
9899
9980
9971
9966
9971
10099
9907
10045
10061
10033
10058
9898
10056
10172
9938
10039
9845
9941
9847
9991
10002
9953
10015
9910
9824
10112
9887
9846
9822
9903
10127
9936
10051
10080
9933
9980
9987
9928
10088
10027
10065
10020
9928
10093
9958
10049
10068
9862
9808
10037
9975
10119
9875
9963
10097
9973
9969
9953
9826
9995
10006
10005
10033
10146
10140
10086
10226
9863
10020
10087
9858
9931
9976
9958
10080
10090
9935
10099
9934
9866
10084
9977
9919
9898
10011
10040
10196
10140
10012
10094
10129
10209
9910
10180
10033
10039
9991
9912
10049
10070
10011
10048
9872
9996
10032
9864
9849
10006
9864
10042
9815
10028
9964
10013
10048
10138
9937
10102
10150
9874
9938
10033
9967
9854
9989
10034
10099
10021
10064
10114
9888
10134
10174
10077
10222
10072
9907
9872
9968
10107
9861
10052
10068
9976
9993
10121
9813
9995
9870
10009
9903
10226
9968
9907
10031
10003
9947
9936
9957
10090
9919
10104
10161
10126
9933
9987
9907
9988
10051
10092
9889
10023
10053
9982
10095
10143
9917
10000
10013
9980
9878
9973
10001
9994
9786
10080
9879
10128
9921
10047
9885
9895
10156
9928
10097
10038
10016
9985
9959
10002
9925
9948
10051
9918
10039
9958
9982
10141
9878
9843
10101
10036
9850
9901
9922
10108
10148
10035
9791
10087
9915
9978
9790
9973
10168
9996
10064
10002
10038
10124
10093
10223
9944
10132
9881
9847
10074
10054
9931
10003
10205
10156
10002
9969
10007
10126
9851
10135
9983
9792
10030
10089
9833
10139
9863
10038
9998
10070
9949
10068
9956
9791
9957
9797
9968
10006
9949
9952
9990
9963
9996
9999
9849
10092
10110
9838
10088
10098
9949
10125
10095
9778
10208
9948
9973
10042
9904
10114
9877
10071
9838
10043
10049
9881
9859
9942
9866
9913
9950
9946
10098
9886
9852
10035
9919
10053
10096
10087
9826
9922
10173
9984
10043
10019
10010
9879
9909
9898
9928
9799
9811
9985
9778
9930
10038
9983
10069
9992
10000
10151
10046
9904
9997
9974
10087
9814
10043
10075
9807
10068
9895
9885
9979
9927
10159
9915
9965
10067
9922
10085
10022
9968
10069
9954
9944
10140
9844
9907
9879
10057
9996
9952
10071
9927
9981
9825
10126
9880
9856
9994
9907
10030
9849
10003
10081
9985
10236
9947
10028
9780
10002
10025
9868
10016
10149
9881
9932
10087
10081
9974
9975
10099
10085
9899
9924
10153
9783
9805
10060
10163
9884
9927
10093
10071
10043
10049
10115
10033
9957
9958
10013
10163
10172
9919
10245
9980
10090
9845
9899
10036
10057
10038
10088
10008
10021
10117
10091
10053
10073
9929
9909
10005
10017
9865
9957
10007
10147
9850
10205
10139
10109
9901
9936
9926
9943
10109
9962
10026
10002
9981
10003
10130
9993
10091
10045
10069
10023
9772
9906
9969
10094
10003
9900
9897
9844
9979
10066
9941
9836
10008
10011
10073
10017
9855
9951
9767
10283
9669
9954
9993
10118
9936
10066
10036
9847
10064
10051
10048
10177
9781
9931
9920
10009
10015
10006
10083
9754
9967
10124
10039
9883
10141
10001
9903
10051
9960
9942
10067
10024
10141
9885
9844
10000
9945
10073
10057
9831
9926
9913
10144
9942
9922
9971
10074
10018
9976
9979
9984
9892
9970
10109
9967
10116
9892
10095
10019
10010
9901
9999
9978
10005
9941
10079
9822
10008
9829
10080
9997
9810
10020
9893
9974
10071
9922
10146
10127
9861
9940
10020
9933
9874
10047
9999
10040
9942
10065
10124
10011
9907
10062
10074
9886
10168
9984
10013
10015
9737
9711
9918
9754
10140
9845
10106
9977
9911
10208
10141
10173
9950
10130
9971
10077
9806
10084
9972
9995
9917
10096
10083
10025
10002
10134
10105
10031
9893
9867
9969
9896
10123
10061
9913
10201
9821
9857
9984
10058
10025
9904
10218
10055
10082
9897
10152
9988
9890
10075
10072
10042
9886
10120
10001
9978
9868
10099
9949
9976
9959
10146
9768
10084
10067
9992
10106
9833
9983
9851
10133
9945
10015
10049
10009
10002
9854
9881
9845
10046
9929
10081
9733
9963
9913
10018
9910
10237
9796
10162
10135
9991
9967
10100
10025
10073
9816
10061
9976
10146
10044
10001
9980
9942
10003
9817
9883
9984
9996
9873
10092
10078
10108
9855
10079
10041
9913
10064
9978
9987
9969
9886
9902
10099
10087
9965
10024
9932
9960
10143
10028
10085
10179
10031
10107
10085
9941
9862
10005
10082
10020
10130
10052
9865
9979
10040
10070
9806
9977
9774
10139
9942
10106
9914
9987
10250
10182
10015
9824
9983
9848
9941
10015
10056
9879
9981
10000
10038
10134
9966
9928
9929
10045
10046
9956
10065
9991
9836
10073
10001
9825
9877
10038
10021
9937
9934
9920
9982
10061
9852
10092
9968
9988
9803
9939
9959
9985
10089
10019
10045
10234
9909
9946
9842
9938
9957
10081
10097
10007
9970
10125
10038
9952
10220
10018
9947
9950
10091
10022
10038
10048
10047
10093
9900
10037
9969
10001
10134
9905
9741
9953
9837
10017
10045
9855
10025
10012
10125
9948
9981
9918
10065
10082
9992
10134
9965
9961
9966
10114
10095
9933
9941
10144
10080
9994
10035
10027
10070
10113
10006
10261
9947
10046
10086
9843
9785
10159
10081
9933
10097
10097
9897
10013
10087
9861
10169
10059
10056
9935
9996
9865
10046
9909
9911
9984
9764
10009
9941
10003
10055
9912
9985
9991
9963
9967
10140
9986
10074
9996
9959
10056
10105
9986
9912
9899
9888
10031
9793
9996
10072
9938
9968
9902
10244
10033
10120
10026
10062
9883
10157
10072
9966
10048
10006
10053
9971
10066
9972
10062
9921
10017
10005
9932
9848
9989
10076
9832
9942
9749
9981
9848
10044
9850
10080
10071
9992
9978
10131
9903
9903
9939
10093
9961
10070
10095
10184
10057
10080
10123
9932
10065
9945
9880
9973
9941
9918
9995
9932
9992
9924
10026
10012
10023
9959
10148
9942
9879
9896
9930
10040
10054
9994
10070
10015
9848
10028
10175
9914
9720
10069
9923
10026
10040
9961
9969
9826
9846
9824
10021
10195
9942
9848
9806
9853
9919
9855
10030
10113
9924
9918
9778
10266
10120
9915
9907
10025
9920
10072
10166
9811
9918
9849
10102
9880
10031
9923
10078
9953
9882
10102
10037
9704
9996
9915
9841
9948
10088
10204
9904
10071
9942
10016
10128
10103
9783
10096
9989
10036
9868
9894
9895
10062
10033
9961
9971
10028
9997
9981
9835
9751
10075
10131
9911
9942
9893
10021
9817
10173
10075
10251
9790
9892
9868
9951
9840
10151
10144
10094
9971
10058
9997
9858
9825
10059
10184
9996
9997
10141
10036
9848
10065
10080
10002
10092
9974
10076
9817
9833
9919
10152
10037
9859
9994
9879
10144
10016
9895
10006
10051
9973
9992
9953
9964
10075
10052
10065
9950
9982
10054
9910
9838
9844
10121
10030
10146
10081
10047
9893
9888
10193
10005
9780
9889
10041
9948
9992
9988
10017
9915
9813
9979
10008
10014
10072
10037
9937
9909
9928
9979
10114
10158
9945
9926
10014
9972
9922
10015
10042
10027
10042
10039
9963
10107
9982
9850
10208
10002
10131
9959
9909
9957
9986
9904
9981
10074
9918
9904
10094
9914
10007
9867
10042
10118
10047
10125
9976
10082
9998
10129
10049
9792
10050
9968
10063
10036
9902
9965
10046
9930
9995
10112
9929
10166
9912
10007
10057
10081
9798
9835
10028
9986
9971
9985
10120
9936
10149
10023
10069
9904
9818
9966
9935
9859
9873
10027
9942
10135
10026
10021
10042
9820
9999
9795
9764
10034
10090
9776
10045
10215
9959
10016
10098
10003
9811
9931
9961
10068
9840
9928
10167
10112
10225
9982
9994
10031
9915
10083
10021
9981
9823
9984
10017
10045
9912
10008
9871
9864
10054
9957
9895
10054
10124
10268
9931
10087
10043
10100
9863
9912
9961
9957
9931
9915
9922
9727
10068
9915
10004
10259
10083
10105
9962
10010
10077
10041
10016
10016
9835
10008
9968
9922
9987
10098
10058
10065
10014
9882
10127
9982
10344
9872
10093
9988
9869
9964
9891
10057
10007
9890
10184
9954
9964
10005
10134
10231
10052
10091
10086
9835
10187
9939
10069
9935
9960
9999
9943
10096
9916
10100
10000
10085
9947
10038
10123
9958
10047
9955
10102
9875
9974
9991
9984
10070
9964
10124
9886
10056
9907
9910
9905
9974
10214
9915
9947
9923
10118
10029
9870
10096
10019
9929
10162
10189
10056
9858
9823
9835
9930
10112
9994
9853
10127
10101
9934
9937
10216
10066
9915
9797
10069
9942
10002
10016
9899
10007
10032
9960
9997
9873
9878
10180
10015
10079
10127
10077
9962
9981
9952
9918
9799
10023
10035
10008
10056
9791
10166
10072
10052
9984
10013
9999
9894
10063
10026
10028
9858
10119
10166
10082
10065
9933
9993
10195
9748
10039
10025
9950
10057
10066
9974
9919
9970
9898
10004
10078
10014
10007
10204
9905
10045
9907
10059
9927
10047
9930
10049
9934
10088
10150
9898
9933
9865
10053
9990
10039
9929
9983
9880
9904
10112
9772
10124
9975
10194
9975
10077
9814
9836
9840
9994
10081
10068
9871
10061
9883
10048
10066
10065
10042
10014
9918
9806
10128
10012
9990
10123
9961
9988
9922
10193
10018
9945
10240
10114
10035
10035
9986
9927
9929
10029
9896
9902
10019
10157
10019
9985
9872
10044
9847
9887
10155
9868
10067
10048
10192
10055
9950
9923
10010
9977
10005
9968
9837
9914
10163
10003
9930
10086
9887
9966
9908
9989
9995
10049
9994
10048
9886
9977
10047
10018
9852
9940
9742
10154
9979
9971
9739
10149
9693
9990
10149
9965
9984
9942
9952
9992
10127
10119
9866
9945
9826
9817
10029
10236
9918
10007
9944
10059
9764
9861
10103
9884
9880
9940
10035
9900
10120
9975
10111
10007
10031
10011
9943
9879
9746
9909
10001
10097
9941
10036
9893
9989
9967
10049
10161
10221
9785
9952
10094
10124
10042
10044
9911
10087
10040
9896
10136
9880
9788
10030
9873
9955
10020
10002
9945
10126
9938
9956
10102
10077
10305
10107
10016
9909
10097
10057
9988
9922
10111
10009
9995
9937
9985
10225
9947
10038
10054
10029
10047
10078
10055
10176
10086
9970
10277
9750
9917
10135
9999
9949
10047
9820
10038
9922
9840
10144
10117
9857
9974
9980
10163
9707
9907
9959
10005
9808
9990
10016
10016
9848
10069
10136
9898
9815
10014
10044
9993
10029
10101
9727
9903
9950
9972
10121
10030
9947
9950
10035
9984
10075
10053
9818
9931
10012
10239
9901
10092
10031
9850
10164
9770
10014
10063
9885
9821
10034
10029
10079
10062
9949
10119
9962
9924
9876
9967
10087
10013
10016
10014
10025
9997
9902
10158
9894
10076
9857
10064
10116
9848
9857
10018
10025
9810
10004
9910
10112
9929
9918
9951
9908
10043
10056
10043
10034
9970
9991
10244
9841
10013
9712
9905
10076
9948
10152
10203
10166
10008
10070
10208
9803
10114
10017
10057
9811
9941
10016
10181
9918
10028
10030
9971
10139
10231
9827
9684
10017
10063
10082
10067
9972
9974
10000
9925
10121
9887
9928
10011
10018
10037
10128
10053
10132
10032
9968
10212
9905
9912
10141
9990
9869
10065
10040
9955
10104
9935
9919
10053
9820
10108
9988
10158
10069
9941
10027
9988
10041
10116
10126
9979
10037
9961
10009
10142
10011
9926
10028
9965
10072
9985
9926
9887
10081
9967
9893
10046
10133
10026
9954
10101
9933
10020
10043
9996
9970
10083
9788
9949
10090
9846
10003
9897
10074
9894
10077
10007
9972
9792
10137
9930
9948
10146
10078
9821
10111
10053
9973
10029
9992
10101
9934
10203
10081
9855
10090
10048
9987
10144
9907
10018
10165
10003
10063
9804
10037
10091
10062
9917
10119
9865
9879
9905
10320
9809
9989
9828
9945
9991
10058
10209
9939
10137
10083
10140
9999
9949
10023
9966
9793
9993
10047
10126
10059
9947
9976
9956
10135
9970
9886
10047
9960
9842
9932
10027
9986
9917
9937
10047
10029
10277
10004
10100
9939
10171
9985
10011
10058
10101
10025
9996
9858
9987
9885
10001
9902
9966
10168
9944
10002
9992
10054
10105
10141
10056
9906
9884
9763
9975
9854
9968
10083
10087
9878
10053
10150
10045
9989
10110
10041
10056
9979
10115
9914
9977
10232
10139
9862
9956
10025
10156
9989
9908
9717
10051
10031
10131
10053
10052
9907
9958
10048
10047
10097
10162
10061
10025
9955
9921
10005
9898
10106
10067
10182
9987
9892
10012
9990
10007
9962
9990
10032
10116
9842
10124
10336
9975
9966
9971
10026
10029
10101
9976
10094
9999
10037
10077
9901
9977
10004
10015
10042
10149
9935
10022
9857
10128
9991
9806
10104
9724
9825
10175
10064
9999
9968
10117
10145
10038
9880
10042
9814
10014
10003
10011
9997
9891
10094
10108
9953
10089
10058
10074
10059
9935
10104
9958
9985
9987
9932
9947
10057
9902
9983
9864
10198
9952
10223
10010
10179
10016
10193
10111
9978
10076
10074
9888
10029
10052
10034
10161
9947
10129
10025
10060
10000
10007
10009
9999
10156
9978
9980
9919
10025
10081
9953
9948
9750
9958
10016
10003
10076
10108
10037
9769
10074
9969
9775
10101
9989
10010
9928
9944
9967
9933
9780
10092
9990
9856
9872
10047
10097
10086
10009
10013
10021
9942
9948
9872
10107
9948
10005
10136
10043
9926
10003
9899
9910
10055
9957
9995
9967
9913
10091
10066
10066
10101
10194
10161
9924
10091
9957
10017
10048
9929
10014
10065
9879
10061
10082
10149
9940
9999
10078
9917
10048
9936
10024
10001
10060
10081
9970
9882
10012
10019
9963
10004
9926
10167
9890
9937
10054
9921
9986
9884
9937
9977
9808
10081
9927
10065
10182
9978
10043
10256
9952
10144
9749
9808
9948
9987
10125
9970
10102
10169
9909
10061
9893
9811
10019
10054
10144
9907
10032
9947
9979
9920
10128
10090
9973
9923
10219
9968
10091
9917
10088
10007
10168
10059
9843
9964
10092
10041
10081
9988
9995
10061
10044
9924
10002
10157
10247
9912
9947
10025
9990
9988
9930
10087
10060
10070
10062
9967
9867
10030
10000
9797
10115
10107
10070
10041
10046
9933
10003
9807
9899
10120
10051
10105
9859
9975
9870
9914
10063
10055
10043
9964
9994
9947
10108
10089
9913
9971
9896
9828
9887
9958
9919
10101
10022
9986
9856
10043
10112
9897
10081
9960
10024
10032
10060
9989
9987
9991
10033
10003
10007
10178
9868
10107
9977
10105
9939
10181
10011
10060
9788
9808
9960
10072
10060
10154
10000
9950
10107
10108
9915
9789
10113
10177
10044
9929
10243
10093
9875
10219
9876
10046
10102
10075
9942
10110
9873
9880
10076
9936
9914
10070
10169
10044
9874
9960
9866
10025
9948
10033
9991
9960
10144
10087
10044
10053
9867
10072
10006
9887
9865
10021
9867
10162
10061
9875
10096
9900
10132
9898
9860
10001
9905
10127
10074
9926
9865
9899
10080
9855
9872
9992
10005
9971
9914
9978
9978
10050
10014
10096
9917
9866
9977
10031
10042
10003
9862
9904
10042
9913
9957
9898
10126
10031
9949
9994
10193
9976
9801
9986
10114
9802
10067
10104
9819
10008
9985
10088
9986
10116
10186
10113
9982
10027
10066
9846
9903
9988
9843
10021
9952
10032
9997
9920
10161
10143
10022
10204
9989
9817
9963
9929
9959
9901
9886
9982
10140
10028
9814
10079
9945
9738
10137
9963
10062
10309
10034
10102
9903
10012
10013
9853
10077
10058
10062
10120
10092
10062
9801
10072
10033
9915
9936
10060
10025
9989
10084
9953
10122
10159
9957
9971
10000
9947
10081
10097
9958
10055
9722
10116
9952
9834
10003
10009
10062
10141
10069
9965
9940
10013
9950
9960
10021
9918
10024
10069
9791
10185
9975
10010
10013
9896
10106
9932
10046
9961
9911
9966
9824
9984
10089
10006
9884
9736
9944
10060
10081
9839
9908
10027
10096
9906
10076
10058
9811
9983
9896
10039
9971
10097
10062
10089
9991
9832
9958
10115
9938
10051
10081
10209
10048
9807
9968
9976
10025
10098
10088
10040
10020
9962
9935
9976
9895
10073
10024
9984
9927
10058
9915
10207
9941
10038
10034
10044
10084
9972
9953
10025
9808
9985
10051
10012
10154
9887
9953
10014
9984
10096
9845
9950
9962
10101
10073
9972
10346
10093
9964
10138
10072
10116
10095
9957
10036
10087
10056
10029
9943
10042
10010
10148
10044
10085
10170
10168
10089
10103
10064
10011
9960
10016
9938
9835
9875
10036
10039
9941
10088
9970
10069
9970
10084
10020
9921
9788
9912
10019
9843
10027
10009
10130
10037
10120
9975
10059
10062
10151
10016
10042
10011
10161
9857
9966
9981
10128
9886
10083
9966
10055
9951
9887
10004
9886
9898
10054
9990
10081
10162
9924
10056
10157
9968
9931
9906
9757
9961
10069
10062
10231
9950
10048
10186
10053
9924
9989
9984
9962
10103
9994
9863
9972
10119
9943
10020
10023
10033
10103
10077
10162
9985
10056
9987
9945
10021
9955
9949
9981
10023
10172
9993
10074
9923
9952
9822
10084
9960
10147
10154
10002
9951
10001
10227
9905
9923
9925
10058
10139
9960
9928
10022
10021
9946
10070
10116
10001
10133
9982
10023
10029
9931
10031
9987
10065
9912
10062
10077
9705
10048
10096
10159
10003
10094
9969
9941
9861
9947
9896
10050
9907
10122
10097
9956
9909
10016
9961
9958
10083
9958
10030
10088
9886
9936
10099
9994
10151
9996
10209
9993
9963
9974
10160
9934
10024
9886
10144
10105
10147
9955
9957
10119
9960
9923
10014
10009
9912
10095
9841
10270
9970
9920
9895
10048
9964
9832
9972
10078
10042
10175
10102
9853
9852
9984
9955
10037
9929
9877
9811
9967
9926
10139
9916
9902
9951
9972
9977
9986
9958
9977
9882
10250
10095
9846
9902
10209
10238
10048
9903
9946
10048
9929
9948
10013
10171
10039
9983
9975
10053
9988
10108
10134
9861
9997
10133
10171
10041
10045
9998
9986
10076
10045
9889
9811
9989
9953
9854
10029
10034
10058
10076
10122
10080
10095
9803
10200
9904
9945
10059
10065
10100
9895
9975
9941
9929
9933
10121
9872
10109
10052
10020
9914
10080
9938
10001
10128
10101
9926
9827
9904
10031
9953
9982
9862
9713
9922
9964
9993
10047
9941
9918
9976
9988
10017
10040
10139
9879
9947
10093
9932
9858
9891
10195
9857
10108
10041
9979
10026
9957
9964
9807
10028
10020
10072
9991
10007
9993
10040
10101
10056
9998
9983
9911
9994
10193
9999
9966
9932
9911
10083
9907
10001
10034
10077
10028
10001
9956
9820
9920
10052
10037
9875
9931
9937
10281
9943
10014
9871
9954
9858
9793
10074
9907
9790
10029
10120
10110
9885
10070
10104
9928
9995
10078
10069
9759
10124
10000
10019
10036
9935
9915
10004
9989
10069
10092
10012
9884
10154
9929
9966
10007
9995
9841
10057
10045
9886
10083
10214
10111
10212
9965
9802
9982
10044
9916
9917
10048
10080
10128
10034
9856
10059
10124
10024
9985
9874
9898
9945
9935
9867
10051
9875
9964
10012
9850
10130
9955
9962
10003
9864
9902
9876
10019
10162
9846
10025
10101
9825
10125
9925
10079
9971
10096
9911
9951
10255
9828
10010
9978
10042
10096
9994
10076
10145
10118
10039
9988
10098
10292
10239
9845
10013
10024
9882
10165
10054
9878
10072
9845
10145
10055
9956
10012
10146
10259
10130
10156
9758
9798
10041
9935
9995
9971
9936
9939
10047
10065
10074
9856
9911
10094
10089
9984
10118
9945
10022
9875
9976
9975
9919
10093
9993
9817
9898
9930
10069
9850
9973
9950
10043
10175
10040
10015
10116
9787
10101
10011
9915
9937
9894
10097
9803
9846
9885
10201
10018
9997
10012
9987
10021
9978
10047
10000
10002
9806
10133
10052
9872
9865
9990
9998
9756
9952
10069
10030
10130
10107
9873
10005
9815
10059
9993
9866
10056
9977
9859
10051
9982
9930
10082
9993
10102
9877
9897
10131
10014
9956
10008
9999
10132
9893
10009
10096
10040
10103
10043
9931
9879
9954
10086
9902
9949
9839
9922
9929
10154
9848
10049
10034
10070
9927
10025
10074
10059
10010
9963
10188
9876
9960
9906
10072
9934
9969
9962
10031
9955
10225
9914
9825
10000
9884
9980
9905
9860
10130
9778
10057
9993
10007
10014
10126
10027
10128
9984
10139
9975
10029
10270
10026
9955
9940
10184
9914
10148
10017
9994
9932
9945
9958
9929
10029
10006
10073
10055
10095
10000
9972
9960
9987
9972
9987
10243
9949
10004
9965
10054
10085
10014
10102
10069
10193
9952
10122
9953
9903
9773
10076
10094
10034
10121
9994
9987
10058
9942
9894
10011
10174
10054
9909
9910
10110
9861
9981
10122
9969
9901
10018
10081
9967
9732
10014
9919
10105
10187
9897
9878
10030
10033
9964
10041
10175
9932
10113
10096
10044
9913
9803
9865
10168
10089
10113
9925
9902
9988
10071
10000
9927
10089
10023
10130
10031
9900
9986
10010
10013
9854
10040
9975
10195
9974
9930
10137
9806
9973
10062
10038
9889
10088
10010
9928
10079
9806
10048
9871
10054
10051
9957
9933
10074
9926
10138
9812
10072
10114
10117
9857
9997
9917
9852
9851
10059
10043
9906
10072
9973
10177
9997
10017
9952
9826
9893
10075
9947
10001
10020
9817
9987
9926
9900
9908
9948
10007
9965
9915
10018
10105
10071
9913
10096
10050
10113
9870
10001
9818
9881
10155
10031
9815
9918
10073
9996
10046
10078
9905
9998
10028
9981
10065
10124
10088
10160
9878
10055
9921
9959
9910
10064
10184
9983
10102
9797
10056
10075
10182
10009
10245
10156
9875
9973
9956
10050
10033
9910
10071
9935
9826
9921
9911
10036
10093
10062
10055
9864
9868
10105
10054
9976
9939
10114
9970
10175
10072
10013
10118
9798
10060
9970
9947
10139
10120
9887
10139
9990
10087
10122
10099
9956
9942
9831
9976
9948
9990
9949
10081
9905
10012
10090
10268
9882
9956
9983
9906
10147
10033
10128
10079
10163
10206
10249
9931
10134
10158
10027
9940
9903
9983
10103
10200
10032
9988
10103
9921
9928
9933
10046
9960
10182
9987
10003
10039
9974
10020
10307
9833
9964
10090
9920
9904
9950
10047
9988
10021
9899
10052
9752
10087
9994
10011
9921
9911
9971
10149
9975
10081
9820
10114
10016
9997
10074
9991
9901
10034
10043
10062
10192
9809
10153
10009
9952
9888
9921
10040
10094
10087
9876
9953
10002
10133
9980
10173
10009
9942
10198
9961
10194
9858
9960
10249
10030
9998
10058
9905
10032
10003
10090
10037
10107
9948
10093
10063
9953
10104
9932
10033
10072
9870
10015
10147
9979
9848
9863
10124
9865
9976
9959
10122
10120
9861
9895
9979
10083
9782
10054
9927
9992
9922
9968
10240
10192
9971
10119
9991
9903
10067
10142
10038
9889
9941
9944
9960
10093
10037
10098
10079
9997
10118
9912
10010
10194
10149
10026
9977
9789
9969
9924
9985
10087
9921
9948
9927
9927
10054
9973
10142
9788
9868
9913
10098
9902
10129
10028
10008
9851
10158
9957
9906
9970
9937
10098
9914
9961
10157
9924
9928
9913
10080
10133
10262
10001
10004
10039
9953
9893
9821
9881
9952
10111
9987
9880
10081
9937
10218
9988
9953
10070
9903
9992
9864
9981
10019
9800
10015
10014
9887
10103
9934
9956
10155
10121
9997
10059
9972
9985
9822
10063
9992
9937
10013
9887
10194
10065
9871
10008
9889
9894
9975
10214
10124
9879
9892
10011
10096
9895
10095
10070
10131
10125
9961
9986
9927
10052
9875
9895
9862
9902
10077
9880
10081
9869
9947
9972
10091
10025
9934
10231
10089
10176
10048
10024
10172
9884
9991
9993
9894
9970
10097
9973
10124
9934
9911
10028
10025
9989
9944
10034
9983
9920
10041
9893
9851
9941
10091
10015
10078
9826
10018
10010
9848
10133
10071
9792
10172
9866
9911
9971
9933
10173
9975
10171
10129
9898
10095
10044
9992
10072
10119
9950
9732
10186
10054
10006
9875
9933
9984
10045
10139
10003
9964
10034
10011
9898
9982
9988
10366
10047
10001
9908
10060
9915
10012
10107
10187
10094
9990
9947
9917
10000
10047
10056
10034
9887
9913
9889
10020
9763
9933
9880
10125
10237
10079
10044
9992
10157
10077
9952
10000
10113
9896
9850
10183
10222
9981
10121
9936
9869
10084
10014
10131
10001
9906
9844
9969
9909
10067
9918
9901
10065
9968
9998
9833
9926
10105
10158
9975
9986
10071
10011
9842
9778
9910
9932
10028
9836
10186
10131
9991
9892
10036
10099
9889
9966
10073
10062
9893
9810
9985
10101
10094
10078
10112
9902
9823
10043
9873
10118
10141
9949
10027
9944
10025
9902
9955
9868
10133
10102
9929
9962
9976
9923
9927
9948
10118
9869
10216
9968
10023
10237
10087
9988
10125
9882
10087
9930
9836
9897
9978
9886
9974
9919
10137
9883
10054
10054
10229
10005
9980
10120
9977
9934
10013
10133
9986
10076
9974
10021
9927
9925
10039
10054
10010
10100
9948
10036
9986
10061
9899
9985
10078
9918
9980
10010
10070
9848
9997
10012
9996
9775
9936
10146
9998
10058
10041
9972
10161
9883
9957
10070
10044
9868
10110
9931
9896
9833
9993
10063
9944
9903
9866
10139
9984
10020
9946
9934
9984
10101
10090
9792
10099
9912
9786
9873
9979
9957
9930
10080
10062
10039
10056
10016
9909
10097
9893
9914
10051
10107
10087
10005
10044
10084
9875
9961
9963
9913
9952
9976
10025
10045
10156
10266
9932
9959
10002
9918
9743
10065
10136
9930
9954
10074
10050
10085
10028
10037
10114
10140
10092
9986
9957
9944
10098
10013
10093
10117
9885
10168
9994
10062
9966
10050
9977
9988
9831
9915
9843
10092
9950
10065
9932
10031
9991
9980
9950
10022
9905
10000
10083
10030
10136
9943
10000
10116
9939
9917
10017
9973
9976
10186
10039
10156
10031
9837
9968
10122
9828
9990
9880
10042
10005
10140
10088
9865
9797
9996
10005
9812
9933
10167
9872
9865
9964
10006
9830
10095
9992
9981
9886
9816
10020
10059
9934
10139
10175
10124
10093
9909
9942
9925
9816
9763
10164
10117
9874
9996
9995
10037
10034
10064
10174
10085
10078
10140
9908
10149
10133
9986
9727
10038
10002
10025
10040
10056
10070
10045
10056
9929
10057
9893
9854
10023
9956
10018
10158
10011
10185
10153
10099
10005
10022
10029
10088
10126
10040
10007
10016
10052
9918
9993
10001
9953
10030
9846
9947
9817
10109
10262
10002
9737
10070
10085
9955
9931
10103
9835
10073
10126
10024
10001
9958
9951
10010
10018
10151
10079
10034
9931
9997
10094
10122
10244
10152
9920
9981
10057
10240
9943
9865
10050
10102
9982
9908
10044
9964
9981
9968
9730
9931
10023
10020
9989
10066
9992
9979
10129
10081
9949
10144
9974
9818
9823
9808
9992
10034
10050
10038
10178
9883
9918
10170
9984
10138
9983
10082
10012
10021
10095
10015
9842
9913
9936
10006
10211
9943
10237
10018
10021
10019
10066
10026
10018
10145
10000
9690
9960
9900
9999
10017
9984
9956
9828
10133
10038
10068
9908
9940
9934
9945
9926
9918
9950
9996
10135
10060
9892
10063
10052
10040
9802
9840
10070
9976
10045
10021
9980
9854
9961
10069
9929
9964
9784
10032
9863
9909
10123
10238
10050
10171
10111
9949
10007
9857
10118
10039
9966
10232
10062
9862
9919
9804
9992
10053
10085
9998
9985
9930
10122
9868
9712
10103
9819
10141
10033
10014
9801
9937
9921
9928
9982
9951
9853
10013
9972
10072
9995
10042
10029
9974
10015
10194
9891
9876
9962
9991
9893
10217
9977
10057
10036
9979
9997
10063
10222
10046
10083
9924
10061
9935
9882
9891
10029
9818
10015
10002
9925
10099
10062
9802
10145
9957
9929
9966
10081
10079
9903
10141
9906
9880
9960
9872
9948
10080
10087
9967
9934
10181
9843
10024
9956
9939
9957
10118
10057
10124
9899
9870
9901
10131
9880
10100
9921
9713
9926
10003
9938
9989
10112
10087
10010
10069
9979
9959
9952
9962
10014
10025
10024
10006
10127
10358
9835
9964
10011
9864
10036
10010
10151
10071
10076
9977
10227
10011
10046
10027
10061
10102
10086
10095
10044
10131
9890
10029
9976
9878
9925
10121
9894
9898
9850
9981
10046
9913
10082
10019
9979
9991
9879
9959
9976
10067
9923
9952
10091
10004
10030
10025
10201
10068
9989
10037
10091
9950
10064
10090
10095
9902
9981
9976
10049
10145
9895
10006
9857
9958
9952
10000
10206
10205
9868
10022
10042
9956
10066
9901
10011
10207
9998
10144
9970
10057
10005
10050
10085
10015
10003
10142
10046
9999
9888
10006
9854
9954
10108
9955
10007
9930
9999
10182
10004
9890
9803
9871
10126
10092
10040
9944
9969
9848
9857
10045
10015
9964
9970
9982
10051
10038
10093
9991
10038
10219
10098
10077
10105
10253
10025
10041
9710
10086
10109
9909
10157
9786
10006
9984
9885
10033
10035
10057
10079
10039
10108
9921
9919
9996
10051
10100
10123
10055
10198
9896
10142
10134
9899
10180
9995
10112
9860
9856
9967
10052
10099
9911
9947
10058
10062
9993
10007
9892
10057
9869
9974
10098
10106
9952
10006
9921
9895
10101
9995
10096
9947
9977
9953
9907
10029
9836
9875
10057
10018
9950
10281
9797
10013
9996
10062
10096
9906
10107
10011
10007
9932
10161
9817
10086
10158
10024
9931
9933
10049
10004
9845
9958
9964
10059
10082
9862
10083
10049
9872
10088
10056
10025
9892
10199
9999
10159
9943
9987
9889
9956
10032
10115
10054
9839
9994
9905
9927
9881
9893
10006
9858
9848
10058
9922
10125
9892
10064
9944
9950
9998
10006
10059
9840
9963
9995
9950
9988
10035
10011
9859
9979
9907
10143
9840
10136
9978
10071
9930
10037
10122
9986
9728
10051
10145
9867
9912
10072
9935
10110
10062
9857
10178
9988
9974
10191
10106
9944
10151
10044
10077
9996
9952
10201
10079
9947
9944
10071
9944
10017
9887
9932
10050
10009
9797
10050
10046
9981
9910
9809
9936
9819
9922
9884
9955
9869
10089
10044
9967
9930
10102
9813
10158
10192
10106
9995
9924
10051
10053
9967
9923
10080
9832
9976
10118
10043
9970
9943
9945
9993
9974
10031
9914
9995
9974
9935
9925
9966
10007
9845
10153
9816
9870
10076
10056
9896
10089
10020
10046
9992
9974
9919
10123
10177
9955
9977
9918
9974
10133
9991
9990
10039
9965
9821
9815
10190
9820
10027
10072
10016
9858
9882
10028
9989
9945
10014
10069
10182
9893
9943
9982
10063
9898
9937
10045
9922
9827
9714
10017
10020
10027
10046
9975
9954
10141
10006
10007
10200
10029
10152
10136
10029
10022
9998
9914
9941
10120
10075
9972
9764
9827
10039
10007
9946
10123
9971
10108
10179
9924
10039
9903
9961
10003
10062
9879
10100
10051
10256
9965
10069
10150
9862
10106
9946
10081
9964
10161
9932
9911
9792
9938
10078
9938
9992
10046
9903
9985
10019
10147
9951
10110
10088
10000
9941
9905
10184
10023
10109
10017
9936
9858
9949
9890
10183
10067
9991
10034
9996
10048
10110
9996
10159
10074
10093
10043
10004
10017
10010
9938
10030
10049
9797
9994
10032
10157
9911
10196
10139
10080
10024
10003
10010
10045
10060
9887
10018
10096
10032
9860
9968
9964
9924
10033
9987
10026
9979
9962
10088
10013
10060
10065
9984
10062
10071
10092
9996
10119
9981
10077
9805
9855
10015
10097
9867
10023
10132
10067
10068
10074
9909
10039
9911
9874
9790
9989
10088
10090
9845
10036
9975
10089
9873
10068
10067
10094
9933
10179
10009
9702
9938
9909
9915
9897
9893
9950
10094
10040
10045
9991
9926
9967
10158
9843
9972
9924
10010
10043
9966
10112
9993
9957
9795
9908
9857
10245
9991
10162
10059
10057
9955
10066
10077
10004
10137
10100
10057
9947
9921
10053
9915
9761
9940
10117
10173
9744
9980
10071
9958
10087
9900
9882
10076
10153
9901
10014
10008
9842
9884
10150
9910
10183
9875
9877
10002
10008
10078
9887
10076
9894
9865
9919
10030
10129
9985
10099
10039
9978
9902
9868
10107
10048
10054
10178
9977
9997
10075
10015
9989
9854
9806
9942
9915
9995
9864
9977
9866
9986
9904
9961
9935
10005
10011
10184
9969
10006
10046
9987
9999
9984
10023
10017
9954
10225
10039
10083
10013
10097
9887
10004
10014
9928
10089
10098
10158
9976
9883
9851
9961
10117
9987
9992
10115
9956
9848
9998
10142
10043
9948
9853
9965
9869
9978
9958
9908
10172
10047
10136
10052
9878
9975
10037
9851
9918
9842
10134
10074
10077
9938
10095
9840
9982
10006
9970
9877
10027
10202
10021
10012
9898
10230
10016
10095
9946
10019
10094
10022
10156
9835
9896
9986
10117
10103
10011
10055
10035
9960
10213
10087
9998
9893
9841
9835
10045
9919
9971
9848
10039
10027
9961
9955
9971
9976
10089
9962
9871
10038
9952
10055
10012
9950
9990
10070
10183
9983
9910
9999
9969
9999
9994
9878
9944
10002
10112
9810
10081
9926
9912
9964
10003
10062
10141
10093
9931
10027
10191
9986
10071
9846
9955
9943
9905
10033
10080
10063
9955
9960
9887
9970
10049
10119
9944
9998
10018
10203
10228
9968
9894
9953
9996
9805
10092
9907
10100
9979
9965
10098
10206
9937
9830
9940
10098
10059
9942
9936
9970
9969
10030
9943
9951
9945
9982
10005
10266
9832
9975
9961
10006
9990
10104
10133
9954
10143
9921
10055
10099
9977
10034
10046
10059
9948
9802
10002
10067
9928
10026
10026
9900
9918
9930
10052
10112
10107
10028
9995
10161
10063
9997
10054
9981
9722
9965
9955
9881
9992
9958
10112
10049
9904
9908
9843
9924
9812
9883
10032
9942
10067
9969
9989
10111
10047
9923
10133
9931
9976
9919
9829
10079
9950
9910
10022
9987
10001
9794
10098
9931
9854
10062
10127
9980
9803
10040
9958
10033
10016
10172
10005
10124
9822
10013
9790
9989
9981
10037
9837
10092
10015
9864
9908
9917
9804
9963
9730
10247
10043
9997
10031
10093
9907
10056
9945
10024
10056
10098
9958
9831
9829
9985
9992
10050
9927
9955
10105
10056
9895
10043
9896
10046
9842
10001
9755
9889
10189
9960
9960
9908
9920
10040
10108
10050
9932
10044
10181
10006
9978
10000
10080
9806
9902
10115
9965
10049
10003
9945
10086
10265
9859
9887
9909
9954
10020
9871
10011
9978
9933
10142
9870
10055
10075
10023
10094
9949
10018
10048
10086
10073
9928
10216
10171
9970
9932
9984
9980
9987
9935
10107
10098
10115
10020
10108
9956
9997
9880
10085
9921
10145
10006
10031
10139
10152
9909
10132
9827
10021
10157
10059
9922
9880
10066
9946
10059
10191
9997
10089
9881
9882
10217
10164
9887
9905
9858
9946
10045
9876
9908
9999
9959
10058
10074
9972
10032
9958
9930
9823
9979
10012
9945
10179
10021
10107
9829
10217
10048
10047
9863
10276
9813
9956
10041
10052
10053
10148
10012
9949
10024
9956
10153
10195
10093
9973
10093
10057
10062
10104
9916
9887
9930
9919
10033
9958
10113
9890
9951
10015
9943
9924
9982
9965
9863
9924
9947
10071
10045
10096
10142
10122
10064
10044
10115
10062
9903
10096
10018
9935
10019
10060
10090
9909
10036
9794
10041
9963
9969
9991
9937
9975
10163
9963
9822
10128
9819
10060
9949
9939
9924
9730
9929
9943
9951
9749
10019
10016
10065
10011
10104
10152
9954
9974
9935
9966
10089
9880
9727
10082
9947
10139
9934
9998
9943
9685
9958
10045
9999
9954
9958
9979
9898
9901
10143
9765
9961
9974
10006
9961
10013
10042
10034
9947
9888
10086
10142
9988
10009
9939
10073
9965
9932
10095
10170
9834
9940
9990
9885
9885
9992
10218
9903
10114
10070
10126
10040
9926
10153
10043
10078
10046
10045
10063
9745
9987
10102
10031
9901
9901
9814
10051
9828
10013
10187
9959
9863
10009
9820
10016
10077
10027
10150
10115
9952
9988
10079
10011
10078
10008
10013
10013
9824
10014
10232
10008
10177
10021
10024
9900
9833
9987
10123
9960
10063
10126
9936
10109
10036
10124
10060
10010
10151
9973
10034
10007
10100
10145
9964
10095
10009
9927
10013
10027
10035
9833
10060
10040
10100
10054
9927
10031
9835
10071
9983
9953
9967
10100
9993
9977
10172
9983
9910
10117
10051
9891
10240
10006
9940
10124
9966
10005
10100
10054
9952
10097
9829
9774
9853
9898
10004
10285
10102
10070
10072
10094
10098
10140
9904
10185
10076
10000
9819
9939
10078
10080
9935
9999
9952
9975
9889
9966
9952
9942
9942
9935
9989
10015
10133
9997
9893
9970
9930
10106
9932
10065
10102
9996
9816
9872
10005
10166
9832
9960
10049
9841
9885
10115
9975
9952
10023
9894
9840
10069
10060
9966
10158
9948
9903
9840
10084
10015
10021
10106
9843
9795
10116
9958
10101
10011
9972
10137
9983
9732
9971
10146
10060
9955
9946
9892
10084
10047
10048
9976
10167
10195
10157
9986
9942
9926
9967
10023
9920
9974
9984
10055
10172
9938
9875
9880
9994
9931
10157
10069
9961
9974
10067
9839
10003
10244
10119
9809
10101
9919
10074
10173
9746
10043
10088
10111
9925
9991
10005
10042
10016
10068
9931
10082
9988
10050
10151
10077
10049
10010
10081
10007
9944
10019
10037
10037
10268
10055
9945
10024
9913
10057
10138
10012
10199
9956
10186
9953
10018
10082
10015
9967
10091
9946
10079
10080
10082
10002
10071
10057
10156
10247
9873
10075
9833
9959
9862
10080
9894
10028
10037
10037
10074
9998
9844
9910
10192
10057
10013
10098
10042
10088
10046
10135
9980
9910
9981
9960
9977
10105
9938
9901
9865
9820
9935
10131
9828
10015
10046
9946
9825
9983
9965
10007
10164
9880
9913
10116
9907
10029
9982
10087
10069
10102
10031
9952
9931
10027
9875
9952
10097
10071
9890
9809
10133
9866
9955
10061
9935
10004
10002
9988
9888
9971
9923
10187
9844
9942
9897
9922
9855
9960
9893
10063
9854
9962
9969
10021
9931
10017
9987
9845
10129
10168
9989
9892
10170
9829
10020
10052
9955
9999
9985
9966
10178
9967
9846
9962
10060
10044
10068
9999
9898
10037
10020
10105
9937
9930
10046
9817
10029
10005
10039
10030
9966
9949
10220
10022
10101
9990
9927
10032
10101
9972
9922
9993
9908
9903
10170
9842
10019
10059
9986
10073
10098
9988
10027
10015
9957
9829
9895
10003
10040
9927
10047
10077
10073
9915
10139
9974
9914
9879
9894
9864
9913
9927
9910
9741
9959
9863
10143
10060
10143
10136
9908
10111
9988
9998
10000
9943
10066
9939
10075
10182
9953
9889
9784
10208
10169
10092
9909
10000
9941
10021
9995
9847
9794
10082
10175
10092
9953
10004
10030
9980
10042
10023
9957
10034
10241
9953
10022
10231
9987
10103
9927
10231
9937
9936
10023
10007
10073
9911
9979
10251
9931
10010
10170
9959
9961
10020
9869
10009
10042
10054
10129
10092
10054
10049
9973
9927
10020
9896
9894
10012
10206
10355
9894
9968
10069
10142
9911
9882
9834
10026
10021
10087
10004
10042
9927
9890
9889
10079
10045
9944
9842
10093
10131
9990
10103
10260
9735
10008
9982
10009
9904
10057
10068
10071
10065
10051
9985
9975
10042
10013
9804
9931
10057
10041
9910
9905
10109
10034
9842
9798
9919
9762
10164
10137
10025
10034
9974
10014
10178
9856
9994
10122
9969
9842
9958
10019
9989
9927
10048
10007
10029
9987
10014
10008
10041
9991
9828
9993
9941
10164
9996
10029
9961
9933
9898
9925
9954
10056
10015
9987
9850
9938
10003
9836
9949
9880
9968
10019
10018
10046
9907
10119
10002
9845
10171
10143
10029
10168
10058
10040
9992
9847
10063
10133
9856
10001
10162
10086
10035
9928
10080
9898
10213
10132
10018
9943
10146
10189
10077
9951
10210
9906
9893
10111
9954
9954
9974
10097
9930
10105
9906
10023
9915
10123
9965
10156
10079
10014
10046
10039
9885
9853
10119
10092
9785
10039
9999
10191
9918
10062
9951
9896
9958
10154
10059
10050
9887
10062
10005
10087
10057
10115
10033
10084
10035
10041
9885
9994
10130
10071
10089
9911
10066
10056
10140
9952
9883
9982
10013
9932
9828
9913
10221
10027
10115
9980
10037
10081
10121
10142
10039
10139
10041
9985
10160
10020
10073
10066
10031
10135
10097
9991
9864
10136
9878
10055
9750
9949
10098
10011
9975
10107
9865
9926
10110
9899
9963
10036
9786
10017
10021
10096
10048
9937
10002
10073
9994
9901
10213
9916
9916
10169
9979
9908
10053
10059
9888
10045
9991
10023
9926
9948
10083
10153
10062
9930
9891
9937
10015
9993
9924
9901
10019
9929
10036
10062
10101
9855
9884
9903
9915
9998
9996
10232
10061
10079
10114
10263
9703
9917
9900
9957
9911
9994
10271
10100
10011
9905
9918
10011
10024
9906
9951
9850
10089
10191
9742
9897
9867
9867
9997
9859
9967
10159
9916
10097
9979
9966
10047
10057
9875
9912
9925
10209
9939
10032
9833
9912
9950
10143
9863
9870
9893
9948
9882
10186
10055
10285
9991
10045
10055
9869
10057
10090
10079
10005
10051
9864
10147
10053
9928
9966
9726
9871
10144
9999
10070
9932
10068
10064
10019
10086
9896
9922
9990
10162
9974
10027
10109
9858
10106
9936
10062
10011
9856
10018
9855
10198
10062
10116
10019
9968
9963
10036
10076
9887
10073
10088
10013
10069
10192
9885
9966
9864
9990
10025
10079
10038
10126
10145
10034
9919
10024
10022
9933
10028
10098
9843
10025
9839
10018
9935
10146
9957
9780
10180
9836
10032
10049
9866
10057
9883
9985
10032
9856
10089
10162
9990
9988
9829
10088
9933
10019
9939
9712
9934
9969
10105
9890
10005
9976
9980
10025
10134
9958
10085
9961
10247
9916
10157
10046
9923
9901
10036
10033
10118
9830
10093
10024
10020
9871
10071
9981
9860
10108
10005
9972
9919
10026
9839
9996
10075
9820
10053
9990
10017
10054
9916
9989
9852
10104
10055
9954
10109
10036
10177
10156
9712
10000
10133
10198
10035
10060
9944
9834
9975
9939
9912
9923
9975
10105
9999
10055
9932
9874
10072
10017
9954
10092
9957
10026
9980
10112
10060
9977
9937
9940
9970
10097
10014
10256
10145
9930
10084
9987
9922
9999
9900
10086
9883
10034
10138
9989
9848
10251
9994
10098
9963
9920
10034
10054
10084
9888
9929
9840
9932
10165
9958
10090
10148
10066
10030
9958
10107
10135
9928
9974
9977
10003
9965
10169
9933
10145
9908
10085
10039
9932
10011
10118
10081
10092
9983
10169
9927
9747
9852
10076
10031
10064
9851
9788
9926
10130
9994
10175
9905
9878
10025
9983
10001
9921
9852
10035
10056
10146
10046
9991
9954
9962
9994
9915
10127
9856
9746
9771
10004
10034
10030
9847
9941
9883
10122
9819
9988
10146
10104
10009
10019
9965
9841
9891
9799
10110
9991
9981
9970
9951
9927
10031
9994
9998
9946
9962
10067
9978
10065
9886
9912
9984
9880
10029
10084
9975
10025
9911
10013
9960
10195
10046
10121
9800
10242
9891
9939
9984
10011
9860
10028
10109
10065
9935
10015
10145
10008
10157
9993
9884
10019
9986
9949
9938
9847
10003
10104
9911
9972
9989
9992
9995
9956
10126
10100
9897
9983
10104
10115
9986
10037
10203
9934
9988
9986
10131
10154
9999
10007
10046
9838
9843
9943
9913
10105
10027
9930
9859
10011
10069
9857
9991
9879
10002
10040
10202
10146
9946
10109
9919
9918
10180
10039
10077
9848
9960
10031
10067
10165
10163
10130
10014
10023
9971
10059
10030
10065
9807
9994
10102
9885
9827
9873
9953
9971
10049
9911
10115
9833
10110
10149
10066
9971
10069
10014
10130
10157
10133
9959
9976
9918
10109
10005
9952
9878
9776
9884
10039
9785
10028
9952
9907
9888
9991
9936
9886
10070
10066
9890
10060
10018
9902
10028
10180
9917
9891
9863
10120
9967
10086
9980
10017
10025
9919
9983
9887
10177
9995
9979
10090
9951
10063
10094
10005
10076
9945
10024
9975
10188
10040
10024
10011
10107
9841
10031
9935
9979
9926
10076
10166
10067
9776
10060
9950
10044
10179
10170
9990
9963
9952
10063
10045
9964
9956
9977
9945
9775
10029
9902
10016
10067
10093
10271
9898
10097
10168
9972
9946
9891
9854
10202
10218
9924
10014
9865
9909
10042
10275
9955
10090
10002
9974
10056
10013
9992
9844
9967
10005
9869
9929
9997
9978
10050
9961
9966
9954
10032
10070
9982
10092
9878
10013
9970
9986
9983
9985
9948
10108
10001
10126
9837
10007
9963
9907
9938
10113
10060
10052
9958
10128
9939
9885
9938
10127
9842
10237
10087
10031
10039
10191
10206
10076
10038
9983
9940
9822
9929
9891
10116
10165
10021
10119
9868
9964
10222
9851
10052
10016
10194
10035
9761
9908
10087
9913
10035
10125
9870
9919
9972
9986
10087
10040
9951
10145
10047
10035
10051
10232
9950
9956
9862
10179
10006
9957
10241
9888
10192
9907
10141
10149
9981
10104
9997
9941
9931
9938
10012
10002
10014
10027
9946
9955
9971
10002
9969
10178
9937
9919
9960
10155
10117
10154
10113
9865
9891
10091
10056
9997
9988
10047
9953
9838
10028
10027
9914
10040
10017
10117
9862
10141
9920
9835
9981
10070
10083
9974
9942
10053
10003
10006
10050
10164
9838
9904
10120
9914
10115
10140
9843
9969
10003
9921
9939
10117
10115
10054
9984
10054
9893
10144
10166
9868
10083
10099
9856
9866
10134
9954
10151
10172
9942
9991
9952
9887
9992
10240
9910
9917
10162
10045
10012
10061
10100
10114
10056
10112
9771
9902
10002
9875
9910
9979
9876
9835
10019
9922
10021
10145
10047
9976
10046
10046
10109
9994
10080
10019
10007
9932
9914
9918
9917
10099
10103
9965
10011
10220
10026
9942
10191
9957
10068
10086
10063
10066
9949
9874
10015
9965
10100
9960
9891
9980
10069
9921
10083
9759
10013
10170
9873
9946
10261
10016
9865
9938
10066
10139
9903
9780
10000
9926
10093
10076
9726
10041
9938
10116
10182
9970
10190
9952
10109
10042
9941
9914
9961
10179
10102
9975
10059
9987
10182
9836
10075
10061
10032
9945
10219
10091
9961
9952
9869
9784
9807
9925
10013
10028
9950
10101
10060
9923
10006
9919
10107
9887
10045
10069
10173
10066
10000
10029
10157
10041
10176
9955
10011
9998
10058
10028
10082
10131
10059
9876
10099
9973
9915
9828
10003
9918
9858
10050
10075
10054
10121
9977
9963
10010
10040
10278
10158
10007
10236
9956
10126
9968
9919
10134
9934
9828
9978
9765
9907
9783
10115
9999
10101
9877
10068
10014
9948
10008
10078
9845
9992
9863
9866
9997
9894
10009
10047
10349
10068
10103
10024
10105
10011
10028
9932
10031
10084
9912
10118
10134
9991
9980
10085
10122
9892
10028
9912
10087
10089
10067
10042
10120
9952
10123
9889
10129
10239
9890
9910
9948
9868
9939
10015
9903
9891
9939
9942
9919
10022
10044
9922
9930
10034
9987
10189
9822
9951
10005
9935
9938
9980
9964
10010
9878
9902
9920
9892
10137
10002
9964
9873
9932
10073
10028
10011
10033
10001
9911
9924
9789
10022
9968
9942
10151
9947
10021
9996
10157
9924
9959
9919
10165
9939
9957
10120
10127
9915
10118
10033
9932
10077
9956
10011
10041
9900
10002
10059
10071
10043
10002
9985
9765
10257
10035
9973
10305
10122
9983
9892
10003
10070
9811
10080
10010
9841
10127
9956
10026
9951
10013
9955
10069
9890
10036
9986
9908
9891
9963
9869
10136
9915
10055
9840
9856
9860
9960
9924
9889
9992
10019
9793
10084
10097
10050
9952
9921
9991
10192
9882
9899
9995
10067
9912
9930
9811
10157
9771
9892
9971
10002
9952
10011
10054
9968
9825
10029
9937
10005
9966
10049
10042
9967
10073
9987
9971
10089
10109
10000
10001
10215
10179
9785
9937
9896
9758
10003
9920
9994
10116
9976
10067
10061
9935
10038
10039
9999
10072
10054
10040
10100
10108
10165
10058
10032
10005
10103
9822
10037
10027
10142
10025
10017
10347
10197
10086
9989
9948
9851
10194
10155
10121
10068
10174
9930
10093
9972
10125
9942
10249
9983
9815
9831
9915
10196
10119
9907
9880
9840
9877
10114
10095
9838
9858
9983
9796
9850
9925
10047
9959
10078
9961
9851
10021
9930
10051
9898
10072
9994
10016
9944
10205
9935
9842
10020
10119
10022
10165
9935
10108
10075
9826
10013
9944
9891
9873
9929
9867
9915
9843
9961
10143
9981
9923
10096
9960
9927
10005
9975
9850
9982
9993
10029
10027
9912
9967
10161
10152
9945
10012
10014
10014
9915
9985
10070
10072
10024
10028
10073
10101
10128
10150
9993
9988
9891
10015
10015
9966
9932
9893
10090
10064
10113
9958
9943
10016
9959
10043
10000
9868
9835
9966
10142
10115
10031
9854
10017
9827
9981
10090
10049
9911
9981
10006
9847
10153
10072
9901
10317
9948
9991
9986
9997
10146
10072
10096
10063
10083
9859
10100
10114
10015
10117
9941
9952
9972
9879
10029
10087
10128
9960
10114
10005
10037
9970
9885
10084
9947
9987
10130
10094
9901
9969
10072
9990
10027
9892
9939
9921
10126
9900
9954
9994
10084
10082
10001
9921
9916
9953
9813
10038
9971
10018
9907
9997
10074
9999
10008
10010
9988
10030
9986
10133
10215
9922
9898
10054
9947
10111
9974
10064
10006
10012
10033
10031
10133
9860
10074
10018
10050
10038
10046
9845
9955
9960
9974
9915
10004
9843
10080
9987
10064
9997
9956
10104
10113
9958
9973
10024
10029
9897
9992
10002
10153
9869
9922
10275
9991
10034
10073
9969
9835
9922
9833
9822
10113
10009
9966
10082
9977
10063
9911
9821
9919
10038
9859
9967
10119
10023
9931
10077
10062
10105
10138
9939
10064
9938
10026
10021
9880
10046
9794
9868
10003
9977
10011
9965
9944
9895
10104
9848
9839
9912
10084
10028
9896
10106
9902
10010
9936
9933
10256
10094
9892
9950
10042
10074
10143
10028
9938
10019
9915
10099
9904
10022
9955
9953
9950
10037
10051
9973
9925
9899
10047
10053
9992
10046
10005
9994
10123
10029
9919
10233
10034
9970
10139
9981
10008
9923
10060
10044
9941
9986
9941
9886
10071
9956
10061
9986
10063
9966
10050
10052
9832
9818
9994
10086
10188
9938
10126
9992
10042
10074
10032
9837
10145
10075
10096
9890
10036
9988
10145
9850
9899
9951
9966
9963
10221
