9169
9583
3576
1711
7397
1663
1577
3051
8874
5505
100
9587
9295
3849
7336
6362
6901
1709
1129
9948
7003
2988
5638
2808
5882
8971
9200
4507
8735
7036
8276
1114
8660
4955
4715
4308
2273
3091
9300
8551
6834
1677
6287
9751
3317
9345
9665
274
9454
2354
6304
6622
4809
9949
1640
4496
4385
7818
8913
3200
9959
4440
2676
9998
9864
9426
5217
1291
3942
8953
1996
7017
5056
6181
449
6725
1070
6361
5020
8034
8178
1414
2510
9600
9030
9028
4591
9994
8234
6972
3409
5525
5242
6174
4190
8159
4733
4827
8496
9185
5616
561
7646
1962
2392
6023
7733
568
3761
6850
7627
3320
9168
2713
9260
8026
266
4137
8626
5634
4375
5451
3838
3993
2831
7504
5149
6174
1119
8232
2432
7720
7019
4628
7719
3145
4701
4204
5296
3603
9144
5892
5390
7290
1137
1067
8271
4238
9508
2499
8549
3706
3140
1069
8323
481
3361
7673
9110
1933
9387
8911
6199
57
117
1058
2645
8231
8927
7185
1561
7548
5769
4397
8561
6044
1645
2202
8766
1183
2948
5785
4061
7437
5237
7619
8146
9420
4521
6692
9681
3901
1558
2044
5974
6085
9929
7168
556
1942
1888
2288
2943
7677
587
4674
6962
9663
7269
1926
6647
2286
6609
2521
3827
968
8748
353
1931
6377
8259
1180
3270
8140
8591
7471
3000
3101
943
3589
3875
8400
4820
7017
5747
2992
2106
9945
6664
9575
6544
4862
3683
8455
2700
6753
4713
959
4263
7631
426
158
9779
6775
742
8194
2208
898
2873
2974
6443
5422
2147
4623
9904
5072
4169
7747
7950
4911
2628
228
9246
6079
8470
1175
3412
8578
7892
9233
7432
9847
2704
4595
4172
9541
9031
4525
3962
5037
8001
7143
8676
1704
8936
8255
6868
4967
5636
5579
3623
3021
5631
104
395
1627
9771
2864
945
6162
6750
4474
3971
9882
6960
9630
1629
6932
6169
2058
1787
6883
251
4288
7973
4414
8585
1450
7103
1207
4932
1048
9121
1866
6946
3845
9943
3315
5104
2787
6472
2956
3369
6069
4154
6218
7870
9277
2639
6120
4741
5059
6471
4482
6526
1357
6459
7373
2585
3684
2807
264
5837
4352
6707
6883
5627
7375
6993
1789
9378
8071
1595
189
5526
9680
5964
684
4902
6896
6751
3251
4559
3722
7674
6425
9867
9380
6217
204
3154
3864
7255
2922
8665
6371
1663
819
1412
689
7560
6941
3642
7752
1270
6458
6890
3321
3336
9109
4098
257
3962
5330
2860
5936
2090
5022
8145
2484
2688
709
5699
1056
9416
1913
9444
6257
851
3519
7832
6627
6108
1095
7986
9227
5158
3901
8951
2152
5581
8330
3691
5521
5169
4685
1818
5027
4771
1515
8486
7415
6049
1008
5769
1507
7703
4190
5033
935
8233
2820
7526
5381
6379
2674
2725
8585
8587
5238
2589
228
1480
8858
9949
1253
1201
6789
2011
6674
710
7440
4148
2908
8494
4735
6980
7149
3395
9439
260
174
5632
1203
6336
6752
3069
940
5169
7080
9956
1300
1107
2198
1926
6882
7385
7107
8748
777
1003
4794
310
8172
9403
943
5585
937
790
5372
3312
1978
5285
3324
4089
1499
8232
1518
1903
353
3804
4990
461
4211
22
9143
8050
3028
3005
1187
3916
3223
9387
6084
5242
6060
2721
7470
5437
8710
4614
1736
3894
6717
3376
7698
9439
4981
2395
3813
2881
1743
2781
3373
537
2140
3338
5794
7696
7441
1557
276
5636
91
9232
6122
27
6230
3051
5777
3159
2530
7663
9552
2842
2642
3292
9363
286
2136
672
3971
5230
4909
5205
5825
7361
1879
5861
9003
2965
4916
6114
495
4787
1484
8161
3398
1826
5459
4864
7764
2854
1701
9044
3562
4423
5557
3868
4350
768
682
8080
4802
6596
3514
4816
8177
9667
7268
7940
957
5788
3363
4347
8513
8805
7604
8062
8285
2091
2737
3045
8946
100
5110
2436
8189
5408
4182
8697
5376
8569
1427
9194
7850
164
7340
1831
4637
6386
8657
5889
6846
6782
2616
8776
8062
7479
6533
4775
5369
8804
3565
4048
4012
1584
9273
367
3753
5622
1411
3940
8809
6924
5897
1062
441
1771
6723
2444
1292
2496
8813
5096
713
8265
3849
5823
8804
440
6995
3327
8278
8185
3570
4231
1395
9098
5280
2693
8317
7957
4238
4144
4921
7446
4972
5247
7651
3938
9497
4472
4605
8000
1649
5550
8871
4630
9819
3587
8552
9710
4181
8671
524
837
3928
1210
8145
1829
4953
850
127
518
4311
1519
8661
301
9794
2669
2079
5288
1645
9574
1679
4740
7382
680
4271
4985
7837
9918
5230
6079
8187
9114
5945
4694
9016
8349
6601
1732
7832
6433
9516
9272
5218
8630
22
7795
3709
4685
7539
2045
9595
3697
1133
3065
1854
3784
4768
2026
6790
4104
9781
9094
8993
2205
7210
9215
9714
753
160
4945
4466
1002
9270
4433
3199
4792
768
1684
3374
2896
2562
4466
5178
6521
7247
7736
8010
4876
7551
6530
8209
8543
9856
6106
2787
5572
3830
2579
3113
5610
1375
6753
414
8649
1317
7066
2675
9410
6192
7346
8525
8021
1969
1257
4145
3213
61
9791
6970
4662
7354
9930
5151
9271
8358
1161
8632
2871
4502
4366
9416
7388
7850
8793
1497
6710
2359
9280
2852
9253
3836
9402
9116
9601
6735
3825
3956
4764
6238
435
8595
1568
9823
4756
5143
6584
3505
8381
6875
8365
9977
5567
4001
4938
5945
3396
8673
8411
9422
6525
8944
4387
2721
847
6796
8282
8744
3261
7903
1320
3361
1183
12
4028
139
3740
4852
2960
7292
6846
9581
8970
9910
6758
6111
5270
1734
2182
5060
7983
7964
9609
4265
1057
1495
4633
8293
805
772
3855
9963
6271
4707
7401
1125
2816
1555
5724
9052
1588
8907
3019
6708
2809
3802
8792
6245
2625
5809
5822
5905
3081
7104
156
4527
8086
5141
2982
6104
5065
3592
3516
3036
9747
4903
7031
7897
6910
9843
216
4911
9768
8877
5959
2138
3332
760
3042
7415
6092
8456
7086
5954
3708
2415
6956
4143
3568
8909
5998
1699
9110
221
7624
5698
5105
4399
2075
9249
2578
5515
9730
514
6768
7096
6330
4396
7729
5663
3254
4226
8816
5555
6545
7036
2691
4980
5729
1431
3668
9979
5976
8866
7063
8630
9027
3219
5245
9028
1432
7236
2421
5992
478
9003
388
1678
9764
7153
1571
4866
4458
9095
396
8001
9683
9032
4974
85
3787
7393
8252
3315
7850
2894
7119
2381
6411
3400
894
231
1231
2272
3895
3190
1570
141
1206
1256
5548
5518
9249
3133
1964
3956
97
5043
7822
9710
5560
9503
9597
5637
4376
9332
3953
185
4673
1083
3073
5107
131
861
8177
7514
4698
3566
8115
5309
1660
8756
773
2313
6004
2421
3317
5133
1151
1107
9383
3755
5590
5917
1743
6800
1164
9444
4618
6443
2267
9189
782
2748
3919
8365
9089
8752
3621
3688
6121
7119
2102
8793
5054
1419
5813
4197
6121
3024
1266
3538
3961
3800
6657
4313
303
4086
4214
6123
6613
7751
6554
4419
374
6184
1669
4839
9318
7520
2913
5732
4605
7007
469
4972
7023
9780
8899
6057
4738
1063
9572
7266
9510
3813
4068
6699
6028
6158
5574
7811
7495
4928
2487
380
9705
2294
9906
3581
8740
4336
3024
3484
9803
9460
868
9778
771
678
4121
3677
7784
7490
1847
9888
1633
4210
239
3415
5246
4653
8912
1115
5914
3151
5186
4857
6864
8440
6912
8550
3400
2937
63
8651
5072
3451
556
1311
7606
1517
7034
4122
9040
3011
1852
1996
5744
9156
7870
3767
8251
2589
9154
7356
8233
3939
5006
2015
849
3997
8582
7733
193
9147
693
8288
4643
3037
3586
4247
1305
8748
3716
8899
1305
4870
5327
5045
1368
2080
4368
9362
8222
4855
7048
7462
867
7541
918
5445
4328
9785
6328
1849
8013
4786
7065
2682
3760
3137
9898
5265
3843
862
8308
8055
1788
8433
6176
1667
4408
2452
6740
4020
9697
6502
4801
347
8334
2325
3478
4878
3585
4706
6763
9140
1082
6867
9970
2157
6551
8061
2406
1036
9161
2112
4814
8262
5004
8446
8760
1467
6913
1171
63
8002
1695
9936
3208
5130
3941
6165
9311
6233
426
4747
2149
7365
1462
5615
457
9108
7137
6494
7114
2205
8491
8196
5946
7457
9664
8814
203
5984
153
5813
8285
4792
1605
2221
8838
9296
4369
3402
2285
5281
3856
9715
956
7839
525
6129
533
4440
669
5964
8733
7915
1698
3237
3005
9471
170
2417
4619
4934
6116
9352
3816
2206
1068
760
8489
8888
8127
6635
7649
505
3199
1043
2072
8510
6450
773
2662
938
9055
709
3314
7962
2726
3816
2304
1751
5987
8212
1314
285
6645
4989
2808
1224
3616
4404
8339
9809
7744
1732
9415
6690
1844
9709
9379
9294
9850
5115
2390
1785
1653
6802
3150
5013
9842
2225
2912
7197
1893
5549
8231
2020
8270
9705
5375
253
7970
205
5467
5150
9995
2923
2827
3989
3127
3116
1651
2835
200
6763
9355
1254
8285
7576
2553
8147
3039
2501
9534
9304
4939
4614
2261
5985
249
4520
6293
5693
4864
4651
2050
4260
162
6024
7352
1234
4807
6825
9527
673
3100
9874
931
8040
1845
6315
6935
2590
9832
8832
5222
8577
1708
518
6339
7640
1886
3222
2388
4649
3124
9056
7670
3640
2006
1467
3349
9935
1954
5805
1709
4031
7018
5869
3023
2067
3597
9735
9301
3946
7982
5748
5597
695
6298
9482
1607
9935
5356
5622
7332
3025
7395
4480
809
2581
9948
9704
4721
5675
1697
5454
4089
9308
8009
8628
6530
8786
1441
6110
3117
643
8581
8270
9600
2964
9105
4476
5290
3779
4998
8454
3751
7130
7582
9311
4479
42
5039
1400
2048
462
4233
262
2594
3695
7072
7761
4178
4641
1951
3630
4923
1552
7217
2155
9508
4223
282
5721
6625
9049
391
4633
4604
5404
692
465
6562
7022
9278
612
1216
8844
7873
5761
5518
9041
3908
3114
2215
2085
3892
5352
6060
9499
6052
1209
6702
240
1991
3461
6425
9291
9214
4496
7527
4461
2955
8590
9215
8013
4359
6374
6218
782
3733
768
7485
1885
5323
9813
6032
9040
933
6958
5889
9973
1877
9351
1217
4575
8411
7234
9730
397
8486
5406
1458
6166
9454
5188
7206
9000
4236
6455
8257
2773
9117
8189
8846
3796
7091
3277
668
7692
2172
3174
5468
9956
760
896
4120
6841
7991
682
4410
5897
997
4284
8012
1017
9786
1591
415
1222
564
8921
6685
3919
3119
851
575
566
9717
9850
2811
8349
3430
9004
9732
3802
2271
8921
8601
4371
8910
3428
4473
5392
1945
7900
3232
7673
3371
5050
9377
9374
2865
9393
5173
8236
9224
4969
7564
7118
4965
9065
25
5560
8447
3503
6586
4434
9504
597
6777
4620
8514
7480
2369
364
8153
2107
5915
7380
3186
9456
4326
880
6104
8642
1118
2032
4895
4643
9261
4421
2882
2150
9208
6365
6860
965
2315
5526
9810
5391
3296
8229
6510
5351
3505
1171
876
1413
6075
6814
3924
4612
3546
9372
3161
5713
1611
1470
5080
3339
1366
6729
6187
1927
7850
4469
3179
311
987
866
2824
8935
4297
2503
9605
34
1000
1851
7583
7087
1113
4758
6618
4337
6508
3521
764
1306
3845
2319
5333
8842
7503
9162
8080
3233
6128
8293
2382
1767
5225
9089
3645
8060
2819
5363
457
7353
2578
9666
9925
7213
2775
7970
3202
611
324
5980
973
3202
6973
9003
6715
5963
1389
1911
6847
4379
6698
1472
3020
8883
6288
3498
1313
5151
1178
4734
4849
9391
7673
5110
2542
9967
2916
1434
5832
182
1758
5945
7580
4029
2578
9238
1924
4372
8037
7450
23
9060
530
1217
6655
9175
1592
8950
1753
9330
6047
8548
5648
7390
6763
2014
8091
7701
7804
2964
5161
8707
8163
8696
3272
253
3872
2312
6583
4958
1222
6696
9824
3839
8660
4031
54
5303
8384
320
6202
9469
577
5156
7105
3253
5459
4660
8369
9559
3750
3861
4323
8461
9083
719
332
6555
7482
5963
104
457
4003
2638
8657
6658
1230
6667
5468
7212
3837
8203
766
3619
6208
7497
7469
8486
3996
1334
7575
4983
2473
1322
7667
1044
8339
1018
7596
3902
2223
1894
372
1913
5668
4274
6883
882
765
731
2561
899
7552
2746
8057
115
7585
8258
7779
9534
4655
3049
730
6084
5242
7468
522
7878
6050
8731
2312
8834
6882
5552
2312
3897
8512
1997
2465
5120
2815
523
7243
6816
8906
3324
2794
3163
9871
8327
206
5533
4041
1824
6370
7583
1329
9425
7689
9297
3968
3155
7983
1833
1239
8286
6524
1591
8493
1208
4005
5557
726
2022
9599
367
3510
8164
2639
5464
4489
3389
4722
7156
4663
3193
1264
5134
2717
1158
8629
5724
9307
9899
4214
4377
302
7339
2789
6148
4651
9681
5134
8959
325
5046
3263
3919
8184
4447
4243
8018
6101
7461
7387
4262
3694
3918
2026
6776
8475
5481
7691
4730
6193
6833
4801
9936
8754
4298
6500
1824
9911
9853
9098
2759
9555
7686
1194
5363
2793
2952
1547
2654
7722
5073
1806
5459
7462
2295
4861
1645
799
9266
882
6741
7437
572
4099
111
2861
7861
681
6336
7397
8187
8838
4242
7448
5298
9109
6925
5981
1135
9383
2289
4216
9940
5492
173
8061
6403
3166
9167
7902
7836
3758
5216
1904
4811
5221
2210
7540
7209
4511
233
1271
2937
84
5870
3059
3036
4905
3867
2864
9263
5189
2339
8138
5428
4147
8862
5525
6258
104
8541
8615
4133
8934
4450
1462
6395
7868
9740
152
3488
7954
489
3530
8517
9267
1297
608
488
9165
2561
227
8281
1679
8185
5742
2427
1747
2197
2873
6696
7254
4841
2652
8393
3472
2416
1470
3462
3335
5039
5797
7731
8981
7032
8759
2648
4760
4453
9170
6480
235
9227
8983
178
8368
8675
5387
2156
6309
9966
7307
5162
7112
651
5714
2248
1507
935
6702
1079
8202
9444
1290
881
9552
9695
3218
2333
6117
3538
5533
5554
5306
1566
8102
7934
6017
7531
6435
3955
90
533
8095
8536
4426
7453
702
2310
7460
2691
6133
7886
3524
3721
6535
51
7028
4086
1292
4829
2473
9358
2332
1214
4783
8633
3381
9906
6280
5040
7726
5987
9679
4914
6960
6017
1351
9993
1590
1648
9904
1938
6442
3363
2640
7247
5007
9573
3090
9508
8324
5378
4937
1006
1761
210
5319
8104
2599
4661
9002
9095
8970
5047
344
3785
1531
1790
1952
8276
8972
1242
7039
8701
3034
250
3915
483
9193
707
9016
7110
2289
6064
6937
4375
3672
7457
2980
9838
8615
9739
2713
2559
8991
4158
3306
2499
8489
9888
2523
4112
8502
210
8069
1186
2711
7202
4824
7468
7830
3523
271
2795
1924
2723
371
1103
7805
6434
3000
6823
7548
791
2843
326
1193
2378
4237
1709
367
1675
5620
6765
6345
1825
918
6347
8299
944
3402
5313
8426
4620
9514
4761
1050
856
39
5425
5022
5810
7853
6399
7740
163
3498
5282
8461
5118
6318
5388
5331
7841
7231
7449
8281
8746
6605
5706
8781
5783
9145
6336
7905
1421
2688
6810
543
882
1970
2016
1344
1927
3059
547
6446
4939
5503
3917
1129
3396
7026
9717
4042
7851
108
4912
6633
1495
8344
2582
4609
7181
110
4161
1532
3303
7362
3562
7794
3706
5589
1676
1470
115
7110
9583
2238
9874
5319
3818
4578
1975
9983
2813
9480
2499
4484
4059
1972
8294
8229
1955
3678
9253
5683
55
1909
4557
1824
1607
151
1014
4607
5665
3109
333
1212
7930
9192
3991
3721
3428
9786
3460
2782
1792
3059
4688
5309
3435
5138
1475
5018
4307
9599
514
8680
9954
602
7314
7163
1783
3097
4227
1681
320
769
7749
636
3227
324
3340
9846
8999
3184
7973
4521
5576
1290
603
6952
1249
7295
277
1960
5621
3392
4822
4543
1071
5101
3071
3731
7830
6810
2191
2338
9570
6396
1182
779
2454
2336
2288
9594
3061
8362
647
6962
5987
930
6239
7246
7404
4471
8547
8217
8848
2568
5465
1187
7521
793
7837
5631
5464
4668
6251
9552
3300
144
4376
910
2329
5514
4645
7383
1098
9924
7220
1720
1229
3008
7548
5462
9303
7482
9113
9740
8193
1998
4298
5849
7303
176
6913
7291
2638
368
8639
6826
436
5519
9869
2306
2622
3645
3653
307
696
8491
7197
4640
1084
6990
5581
2868
3902
4895
5287
3082
7641
7100
6433
1399
8423
9431
1263
1090
2553
3344
9476
2678
5752
1800
3696
5058
983
4539
2116
6372
6581
6373
2063
3318
3806
6579
5228
2892
6375
1984
1168
6981
8054
234
1128
8310
8360
755
1037
8814
8827
5494
8168
6922
9071
1063
2590
3277
4368
8301
9009
819
6516
9528
69
3697
8697
2272
3560
3635
1959
7590
3162
6906
6735
6608
9561
7309
7525
7463
4607
9246
9126
170
2842
8026
3077
6609
852
7650
9318
7419
896
7064
1182
9498
5625
9635
4935
3867
6506
7793
8753
4997
1120
3369
590
9259
9059
6483
4489
4326
2561
4044
1455
6731
3111
7012
6639
5290
981
4643
7549
361
6481
570
4648
3125
6368
2346
7259
7057
3250
8100
9382
4103
7175
4268
5181
6025
5498
3721
5364
8136
9908
9101
5073
811
6137
451
1058
7070
4456
6472
6797
1225
8424
6007
3546
5868
4439
6631
8957
7595
4369
7635
8545
8785
4141
6051
1171
3153
1855
7932
6346
5710
5311
2488
3467
6734
7433
5888
1400
8181
4204
3869
8412
4587
2455
7164
6362
4174
3382
6115
3597
5571
9810
6229
4293
734
9391
2576
980
2587
3070
5825
8720
1571
7986
1573
8278
3852
5891
3446
8872
9499
3129
1962
290
5698
549
8074
438
7031
9475
7419
9674
9442
8549
6964
3018
197
6144
8360
3098
4190
7209
7473
3480
1341
4523
3103
9026
2725
3903
3825
2686
4730
9724
397
6012
5503
4565
4972
404
3462
6605
6938
7525
5005
1370
5979
5330
8646
2816
9978
5036
8228
4583
9172
9864
3892
9159
2890
9822
7945
234
8292
2231
7717
3489
2704
4791
8096
394
2934
1789
2679
5418
7787
79
6866
2428
9082
9558
5943
4018
7646
2672
2703
3983
9258
6443
7632
3340
8927
4635
3159
3826
6826
9164
2112
1322
8374
5092
2240
6510
4113
822
6295
3602
6664
8887
537
2563
770
4221
3182
9182
9875
6031
1476
7448
4872
8204
9293
9540
6769
4326
6184
3653
8085
7287
9791
3464
8231
3480
166
9248
6063
880
4170
5463
1848
7291
2184
354
5637
8406
6049
2333
3891
7572
4136
6888
5941
5026
717
4782
6712
5226
8481
3961
6118
926
1872
4492
2893
7438
3649
5526
4659
9542
8270
7862
9849
8871
1725
2339
3268
9044
4116
5323
1013
4853
4009
191
404
7302
1985
4582
3271
5956
8001
3908
6057
2429
7306
2349
3188
5140
920
5403
3386
449
3605
4705
8958
127
1661
9446
1173
5588
7025
9007
3212
7070
9162
16
3881
7801
7628
8065
7829
742
9165
9352
5412
8171
2970
538
4246
7177
4970
6163
8925
816
6313
4163
5496
4230
545
3914
597
9818
6966
3331
9777
2336
870
8128
2600
3515
4417
6467
5472
7110
757
1132
7060
6950
9825
8991
1558
8298
1305
9749
5762
8128
1185
5614
5052
85
5535
3395
4579
7219
9846
1091
4258
1070
7340
1208
6606
6924
9587
9639
6926
3821
4476
9499
2186
4166
7901
695
859
8507
6233
5954
2635
7722
7588
1639
4440
1772
9494
7259
9451
4533
7301
4644
1245
6585
1288
9026
4997
2114
4851
4637
2737
7934
3186
3212
5114
1850
8644
8940
7639
2281
778
9356
8562
3680
7871
4580
4636
4023
8069
28
886
7645
3208
6367
6559
8267
906
4217
7340
9671
5649
3738
1621
9880
5608
9277
7351
3632
9336
6383
4373
1802
9478
8548
6166
5706
8106
6398
1128
1764
776
3022
2509
8671
1655
9656
4104
3991
5291
6810
9830
7011
7756
7539
6045
1279
6318
4871
8910
5374
7942
5796
5425
1961
4006
6537
9302
9695
4609
6177
951
702
3200
9937
8847
7834
6861
5033
1136
1384
8600
2632
3665
1397
3564
23
2262
5437
8854
4266
3746
7796
5444
1839
7002
1011
4560
9532
8034
3577
9701
6443
2593
4526
5450
9572
8076
6015
2501
5616
6333
5045
6867
9945
3995
9412
1769
6236
7596
7559
8609
9520
1921
5563
2999
56
3194
5397
6801
4462
7487
2614
5198
3475
7365
4461
9930
5873
2029
6994
2036
883
3252
6345
1581
8965
6516
9356
7123
3918
6511
7946
3658
2254
7694
4037
3597
8264
5142
8188
7123
3713
7667
107
1320
6777
552
4165
9359
4777
551
3896
5565
2302
9406
9847
9181
3465
5758
3297
678
3024
8476
2276
9932
3293
4801
6166
533
6744
2044
4084
3398
6226
9795
1950
3217
6666
1593
9237
9394
8728
7562
8003
1136
4628
1448
4947
3221
2305
4656
2913
8843
4100
394
5260
4540
5650
6622
8043
6481
4981
3414
8315
8950
1835
1320
7018
7113
4421
5477
1645
2542
2480
186
967
4233
4260
9498
4012
1996
5821
4859
2747
6833
7314
8487
5577
7766
1839
8182
4684
7892
6406
6251
9150
6903
8138
4979
8709
9821
6385
2979
9419
8236
2609
8753
2312
4388
4029
1079
3340
3562
9067
1942
1689
1180
6968
6997
8141
3355
5182
4045
2060
2046
8179
6241
4132
4516
9636
396
801
913
6269
931
9794
4688
9611
2476
5612
8334
4213
5432
1016
8358
3690
4818
2057
9049
5988
1477
8098
2139
680
5673
1175
7505
3709
3170
7602
1316
8466
822
2928
1682
500
2760
7594
4178
2608
7452
7019
8121
2575
5129
3622
3568
890
2009
7797
5858
1932
1117
9118
9455
6821
4550
5970
8978
7907
8246
5558
5378
9168
8481
786
6266
9546
8601
7084
6250
1614
4242
8724
8580
8825
1348
7271
6095
7976
7041
632
9820
4488
1218
3985
8659
354
2668
8781
9835
5466
9132
1946
1977
325
9096
8856
8754
2844
8371
4446
9462
6342
6483
7593
5241
5375
3326
1096
6350
3773
2266
769
1294
8970
9777
5540
3174
8598
1315
2667
2253
3563
4946
306
6964
4295
4876
3031
33
579
7935
7510
5945
9226
8088
9401
6562
7148
9504
3347
6669
6882
6784
8152
5590
5642
6615
9449
2241
4966
3565
3606
3498
3377
4158
6853
1231
851
7166
1624
6532
2109
1053
9298
574
5193
6319
1960
6678
2098
5839
4765
6687
3343
261
1715
8953
7627
3732
3781
697
2812
7456
491
4808
7592
1421
5502
8919
3328
2612
6314
7593
6625
6463
2995
571
3088
2299
5521
2457
5280
1194
1546
3656
6408
1500
8503
535
7800
6855
2848
6815
1362
6043
4090
3541
1345
5656
5837
7205
9975
6052
1331
769
9925
7829
594
3362
9448
8396
5974
5428
1416
2261
9862
4779
4179
621
9547
6795
9356
2698
6829
8919
3075
784
9833
3671
6501
6482
5264
2650
4818
9719
2031
6298
904
6987
6799
4210
7572
3216
1443
4800
40
763
3740
2462
108
1821
2368
6438
3519
9289
3557
4146
5583
9951
9772
7129
1211
114
904
6144
6388
8830
4803
159
48
6525
5683
1901
3012
4898
4363
4433
9131
2143
5844
6791
3236
6889
6454
6422
9297
5869
6534
6346
3175
2488
2092
7363
1964
4603
305
4578
4252
5053
1669
6275
9156
8880
5567
1695
2309
1278
7283
2096
5683
4970
9588
1894
4619
7022
8336
527
6264
7491
9676
5545
3743
7671
6976
8689
6483
5139
1483
6934
1852
6683
5410
9691
6668
9615
2888
5855
8942
8044
2924
37
271
6734
4499
1051
1441
7441
5438
6076
4910
523
1224
3647
3357
4076
1739
491
4861
7794
106
4042
789
9411
5666
8386
1401
3007
4542
294
5029
5771
1415
1817
6417
1814
4365
70
7388
5950
1319
5862
2422
5751
6974
4951
7610
2894
9725
5411
3686
6639
9858
7864
72
699
5245
4280
322
7038
3515
4300
1714
5436
6748
7348
1327
2643
2131
475
7814
6362
1193
5633
5923
1980
5844
4124
5719
5931
3917
5794
1695
2380
3086
5611
44
452
9610
2571
7369
3295
4219
4566
9002
350
5321
4344
3065
4550
9762
871
587
9746
3573
3269
5778
8802
1059
7500
8952
6725
8064
8095
1270
4545
4347
9337
8099
409
4706
8412
5051
9395
4947
1129
3808
9375
8289
6913
863
4005
3369
8997
3386
2217
9853
7636
7077
5367
3707
5456
5160
327
4244
7841
7188
5734
7218
2688
685
8191
9677
3239
5065
5893
7762
4536
2947
702
3365
6370
4293
6746
5328
2662
2484
4335
1732
8230
4896
6245
5257
4455
2510
1161
431
3837
3889
2519
2298
9009
9011
9344
7083
6421
7012
2701
797
7954
6936
4356
9921
5335
5994
9603
772
2575
2744
945
4212
4568
8758
1775
7072
9039
1852
3014
1741
2178
2576
720
5689
6633
5034
4559
8884
9627
4326
7303
2708
401
5054
4538
5934
2152
8002
5853
554
1782
1529
9483
5803
9786
5119
6809
8897
6430
6316
1612
9709
5064
2018
6962
3640
6049
7802
8579
9399
6851
7296
556
8621
4637
2674
2119
4372
8654
4447
8725
7385
2263
1628
6864
2043
102
3836
928
522
9986
3262
3736
2682
5397
9276
4595
4854
5011
3624
3866
3787
6242
4302
7709
8192
6615
8700
6752
3896
5849
7627
3618
6556
3402
540
7677
2210
2704
3484
3193
4833
6241
4598
9612
2970
7638
8693
1491
8241
4357
7770
1133
9089
4466
7408
3068
7242
871
8555
7446
6600
6267
2900
847
2369
8682
8439
1003
9196
140
3264
8324
3332
8746
7027
8405
2664
8915
231
9444
3519
6339
3066
1502
2588
5963
9519
5558
9742
2755
6672
662
2201
3048
147
5375
8410
106
3517
6006
673
1597
4136
9752
4139
539
3026
8536
3517
6284
1697
3291
914
1379
1603
5208
7989
3802
3062
2198
3356
8326
9219
8717
7959
6218
5041
677
4321
9789
6241
1594
5177
1651
2141
9242
9922
1547
8124
5758
6283
6915
1788
9628
5164
1193
4881
6850
958
6550
6463
1639
1480
4344
8942
5901
6472
3372
8796
8232
6681
5688
2860
3598
1902
642
8648
73
6568
4885
562
4793
5606
5513
8305
8492
4510
7677
3879
8828
6728
8654
7704
210
6229
920
1561
3631
7781
1406
2955
4377
2366
9863
2720
3046
8569
481
974
3554
7694
316
7197
2142
1443
4000
2525
8100
5244
2277
5577
9231
2629
362
8953
9574
9926
9218
1555
9820
3393
4974
4249
4986
7146
8540
321
3268
2167
2947
6311
2498
7272
5787
8526
956
7764
1997
936
5583
4369
6478
9073
2870
7689
9843
2254
5922
6782
6251
2976
5158
7959
2302
5809
5171
3832
5094
5461
6186
4548
3510
1338
834
2405
9836
7182
5882
8735
944
1781
9964
406
6809
8828
6553
7265
6161
7468
9313
8
7728
2876
9170
3231
5866
8579
9990
366
7813
3483
8528
3886
4637
8100
3343
3474
232
8191
7783
2454
1454
9037
5360
1249
637
9688
7534
7779
8989
9948
1293
1153
6451
8870
6234
3077
3185
1923
2536
1290
5000
6221
6988
5321
8125
3455
7892
5132
4556
7165
994
4537
6403
4169
1117
7968
2189
1131
6938
8191
6142
1970
7323
6056
3866
8955
3999
3293
5579
949
9723
376
5283
1593
2076
6804
7957
5995
478
6781
264
7561
5521
9619
5915
2645
5581
3887
2974
1419
8031
465
6523
3589
6255
9316
2330
8247
2606
7935
1793
4722
7184
8068
2475
7371
8887
6372
6439
8735
6733
6191
5190
2893
1351
6365
3348
4440
2067
468
7967
9594
1554
8695
5127
4333
8368
8146
9207
588
519
6157
1150
6967
6995
6376
9157
124
7329
7208
3348
8178
4248
6113
7333
7598
3815
1517
3704
2564
1227
2594
6818
9290
3658
7163
3909
9950
3758
2765
1165
8935
6231
9163
9349
8302
587
4582
6648
1914
5811
6841
3887
5635
5685
4451
1643
9971
3242
7152
9874
5849
2294
7110
4132
8494
792
4467
9335
6332
1629
1971
6252
1965
4306
351
4263
8439
4103
2300
8102
5762
5671
7550
3779
6356
2443
2121
2789
7959
2422
6876
6241
8496
1418
6306
8238
2751
9085
7544
2135
4039
3490
464
2844
622
6486
5363
8945
3660
286
8225
2944
1491
4585
7523
6395
6383
7699
2387
6245
795
4146
2923
7176
5280
8791
495
4295
9744
5298
6891
1369
3479
7409
2481
1174
4309
4794
7282
3848
7614
715
3955
3889
2733
2134
7814
584
543
609
5198
9976
4406
6989
1391
9936
6999
7044
9381
2799
2082
5902
1816
6459
4712
5422
8494
983
1315
1398
5714
23
4864
8511
2776
6298
5710
6458
7968
8056
1637
1692
5752
8003
3693
3957
813
3486
4015
6052
5480
9144
3360
7550
9991
7396
4385
8598
1705
5613
748
9771
5392
6170
9262
9573
8149
4547
8651
5197
4260
913
4700
4463
6180
1560
5692
4913
8697
2784
4293
7616
2648
3867
38
8851
6262
521
9818
9280
2264
7137
3280
2565
9394
1590
330
2674
2843
4521
2092
8997
4569
3716
3094
1411
2899
7293
6106
9064
9592
6501
8919
8284
3799
8886
329
5948
3158
7139
481
2245
4068
5213
7793
8327
6259
3648
7203
6758
8205
2550
8664
4137
661
1771
9038
1641
4986
1064
6062
976
9940
2178
2273
601
830
8107
246
6019
3804
6280
9959
835
9159
3781
5257
6478
3423
1787
2365
9188
7395
6192
7761
3568
2868
4722
7323
7650
5122
3442
9786
9944
3757
8355
9266
3346
2868
1004
4263
6043
3997
9438
854
6708
6917
7940
7809
6777
3824
4474
2175
5374
6582
1395
2737
8390
2219
1748
7490
5301
4807
3522
3378
2201
8619
87
3998
8372
8250
4120
319
8571
7108
4607
4756
5152
5544
8925
8882
8723
5493
9237
1914
5726
2095
3374
2356
7325
4855
3505
9744
9086
8564
4145
4635
5343
3750
3799
2645
6985
90
4359
341
2926
6329
9286
6120
7596
9678
4115
6501
93
8187
8589
4391
3178
7006
3765
5583
6023
2433
3201
9653
3376
6510
8114
3731
9342
2725
8340
7193
8325
5169
5715
3921
7369
6970
146
2166
1885
9803
6030
6942
1362
8520
2159
8062
8489
7361
4730
3078
5621
5729
6527
2273
1539
8302
8646
3752
2875
5146
9902
6959
3588
2757
8969
1004
7088
5486
3066
4183
5668
4025
5374
9509
9935
5410
4
4891
7083
9633
4205
1188
1067
6476
8561
3209
9204
1698
1849
8128
875
5290
2911
5649
6741
7082
1525
826
7009
2931
6895
979
9499
2979
7391
8303
6748
9593
8850
5514
237
2368
461
3687
4933
9785
8022
2635
9276
3771
7932
2634
5353
2880
9628
2945
6059
5356
682
8564
8481
9238
75
5671
3074
9261
2407
5288
3599
5634
8628
5301
617
5518
9910
1998
4822
7678
6228
1488
8068
4497
4339
9885
5392
6836
4911
5649
6798
3684
7169
5869
441
8372
8342
9237
799
3745
1577
6858
6953
7423
1459
6069
7230
8408
7357
3104
6955
6628
5908
5079
3902
6336
9849
9490
4068
6822
324
2703
5620
4757
971
4683
9378
9131
9418
1145
8007
7184
6006
5903
6172
3087
1109
1106
6273
5021
5227
8282
7002
8594
1390
213
1049
6541
9804
6480
2446
63
2645
8756
5628
9146
5903
3158
9265
8683
6592
6261
308
56
2586
749
6159
1993
6032
511
9895
9300
8487
7511
8684
4519
3879
2823
465
3950
2095
2460
8380
8076
7870
857
1035
4102
2301
5285
1539
3932
1208
1910
2364
1340
5433
4257
7147
7889
9413
6528
5040
874
1480
3197
4375
5706
7910
246
8069
9028
1064
1109
6532
1503
5870
6136
2483
1532
323
1285
1937
1939
1686
5363
5305
844
8043
7903
5019
6701
4306
1292
1871
6286
6851
2609
586
6103
7062
1202
4187
1486
2777
8901
1816
7759
1071
8512
4879
382
6934
1212
7343
5106
6695
9264
9397
890
1499
9693
3048
9179
6383
3389
8313
8486
6685
7776
4955
7337
4679
6623
5686
8085
1369
8566
6461
6732
6394
4409
3406
772
1915
9748
2446
3651
7156
4945
659
6891
1865
7693
8171
2276
2936
6659
593
3765
8372
485
1434
6971
4151
1118
2122
5889
5483
1698
5632
9242
8900
7868
6341
9298
5288
5523
5339
6634
2503
2142
704
9151
3117
1975
3787
9545
1363
778
7022
127
5053
4528
3745
1862
5037
8452
9977
8683
2692
2437
922
815
9332
6847
7995
8854
8890
6136
8760
6859
9340
3076
667
9211
4264
4056
2319
9483
928
7771
6193
7948
1101
4748
3541
8852
6383
633
7753
8635
6500
9249
9992
2725
5179
7238
4918
6680
4015
8215
553
8212
4011
7731
693
9957
9263
6799
1437
8538
3683
2593
5527
4125
4424
991
5993
24
1033
2851
1853
5645
8789
8775
5265
1939
2131
2818
6306
7409
3551
5746
7888
3145
5167
1861
4625
7644
7604
2690
4451
4703
4457
7497
7253
8119
6342
3748
6852
8973
2562
2843
6414
7648
9002
4029
4310
6305
5311
9139
7293
1576
157
6026
6618
8114
1283
5561
3941
9540
2459
1295
4921
7713
8419
9395
1833
646
9986
4314
7525
8094
8934
6078
1361
402
246
7644
9359
7791
1151
4147
3151
1463
9964
7171
9118
580
1675
6800
9796
4894
9101
4142
5058
6868
1077
4180
2211
6073
2226
6874
5737
305
3233
9304
49
5744
5238
4860
2272
1105
2805
1214
2017
8674
4472
4217
8298
82
3631
1707
2248
9550
7140
9252
8457
1815
1943
1000
1883
8889
5346
3116
9115
8832
3401
5333
200
4815
6996
20
7099
9099
3473
1650
560
6633
5827
4306
9222
3213
1106
9563
2357
9184
3433
4040
4713
8756
9665
3947
997
4213
6572
4073
8745
164
21
12
4808
6431
8660
2076
6101
5110
3143
1439
4454
2775
247
6614
8409
7626
3428
6888
460
2053
3614
2430
314
4172
8142
3553
925
7120
785
8821
4444
4526
9193
1432
7760
3263
4837
9805
6687
7215
364
7069
1695
6944
7788
7698
1093
5004
7586
1910
5582
9295
2188
3846
9787
2728
218
142
416
8250
4176
7926
2018
5784
1740
7433
2949
4408
879
1214
5770
6095
5327
999
242
6275
9774
8248
5822
4904
3019
1900
896
2720
9117
4558
851
9867
9348
5581
9281
2810
437
6960
5487
1249
8715
3180
4595
9301
9890
6346
6416
9709
3485
8691
1726
2010
5396
2836
1958
5115
401
3578
4722
8707
956
6275
6893
6418
5395
5740
5631
4749
9294
902
4146
6062
7090
9894
2178
8913
3869
5417
7791
9446
8805
8380
162
9604
3095
2749
8707
664
7455
3153
9109
3039
2635
9012
739
9772
6982
4839
3517
2448
1889
46
5929
6220
7453
6919
1432
8653
1926
2566
3004
4197
6372
3301
7375
9221
6911
6326
6225
5171
3001
1562
8091
2768
733
7624
1708
3465
2270
5188
9954
5131
6583
3166
3240
2887
8488
8096
2460
8332
5593
3005
5288
4929
5140
6266
5524
6003
3704
5576
5937
8536
8904
7909
7944
9544
6681
6391
2251
976
3698
776
9889
9202
7585
5478
2781
9633
4695
7490
7765
8804
3141
9415
8590
5155
873
5506
3097
2834
5423
2795
4722
7809
3994
1751
7023
2647
1806
6165
3948
8322
2533
7176
8721
3542
2584
6145
3747
4028
9043
2707
7987
6734
6598
4027
6534
4312
7432
7080
5785
2546
9423
4509
1781
4856
2844
1201
7018
5398
2624
6199
4541
5936
1329
8655
4040
1591
6583
5792
3094
656
9915
5491
3245
639
3216
1585
8415
2018
9812
1727
3096
1488
2198
7990
2524
279
9514
4652
6602
5303
8306
8130
5742
8474
5987
156
5463
9480
2800
8463
4175
5855
8023
7748
9970
7788
2189
4225
3993
1276
235
4390
9167
9349
3370
6905
468
6552
3144
5524
2018
9711
6873
31
2520
2389
4577
3921
8248
4905
6425
5805
8529
7101
994
5491
2526
5624
3408
4336
6174
9208
4640
1890
5844
5196
5081
6347
1763
7142
6405
1471
1638
94
4121
8005
1195
7776
5894
9609
2347
1928
4000
3182
5498
9220
1579
5852
8398
3359
487
5928
4882
6597
6267
4266
8715
8832
9821
9403
3080
2809
4641
9352
243
5666
9179
6055
887
7068
8712
5647
1145
3082
4044
2817
5694
3592
2290
6298
1092
8489
3858
9850
9119
1444
8572
1789
4034
8965
6933
5945
6487
6164
80
2762
1414
3408
8358
2035
535
8038
4341
4419
1798
2501
9996
7622
3922
6270
5995
2503
5454
1020
7118
1833
3583
2781
4936
3069
6462
1050
3796
1095
6223
5205
2919
8201
6226
5851
9096
4009
8889
8655
8473
5684
8541
8856
6217
5459
1395
9949
9321
5056
2217
7195
8342
6356
2955
8399
6112
5638
5741
1044
8557
6354
4390
9555
6634
8172
1131
5646
3383
833
4976
5758
5077
9459
4558
9722
4692
7563
4509
8943
7412
7159
2867
8394
150
8758
4512
4993
398
1575
5385
8220
9297
5745
4230
1757
5978
680
7819
8795
7006
3584
180
7025
2210
4113
2515
3389
2393
6400
3452
3817
3277
6470
3144
8002
5360
2018
3416
6022
5375
5852
8209
9209
9779
6730
1488
1820
9448
6673
8143
2252
4329
8169
4276
3146
3863
5572
5204
3640
4818
4852
2080
505
2334
3403
4177
3025
1422
4640
101
6243
4892
9707
8477
1791
8149
5861
4571
667
3508
6035
1216
4592
4397
342
3939
5636
7221
7982
8847
3634
6490
645
588
8141
764
1268
1257
2296
4501
2159
7507
3221
3602
611
7880
7055
1328
1737
5953
1348
5611
7356
8314
6329
5365
1032
774
9218
9698
7344
6732
5288
8344
2342
5544
1050
2534
498
3537
3740
9780
3145
7917
736
116
8384
1277
2095
3076
2367
743
6511
5682
4683
8774
7558
7693
5803
4746
3333
3316
3625
9349
7954
716
5965
2014
6455
2427
9135
5557
7694
1583
7818
4775
2620
1592
7576
8636
5958
8930
6444
226
4585
5966
5274
7363
4180
9989
4921
4558
5376
232
7251
7348
8504
3349
7045
197
2714
3770
6958
6577
1844
5257
4399
9155
495
5858
7421
6727
3699
1752
9807
4621
8163
1859
3908
8137
7773
3433
6271
3726
3847
9890
7824
1912
6072
7107
6055
6307
1831
9787
2035
4852
1912
9399
852
4236
6233
2233
3513
9350
4141
6928
4613
7200
9310
8468
2594
7128
8777
6175
9575
8906
6826
1022
3614
7881
5000
9453
1048
3397
6862
1894
3992
630
9290
6319
7030
1011
4468
8875
2935
6497
1914
9025
7058
5099
3822
90
3061
3685
6616
2526
4846
5021
9827
9879
8635
2419
7733
4091
8828
4517
1683
574
9008
8068
6577
6672
9276
4811
3203
6310
2974
5604
248
5871
6228
5276
2463
4387
6257
807
804
6266
9441
7999
4759
6866
2539
8922
6860
3702
3974
9380
4352
1041
1623
8988
5545
1296
2144
8634
2025
201
7818
6133
4646
1965
5483
2842
4179
6563
4977
9407
9860
9965
9914
4697
9002
8338
7668
9145
4157
7033
2409
8159
5636
4926
7841
3085
941
7338
1723
6026
9426
5644
7588
9062
44
712
5371
8592
8103
5099
8594
2327
4923
2182
586
7373
9104
7419
7144
7863
5630
5235
501
372
3489
3649
5278
4933
960
8130
3206
6168
6586
3227
9384
2780
8972
2789
4248
7720
356
2567
749
2514
3404
2029
472
2797
4270
7981
1275
9166
3459
6566
4872
2421
2770
8839
9900
8468
6134
4256
3351
7537
4418
9366
2378
2741
9535
3613
5418
8081
2110
824
7650
6937
8242
6197
8808
7280
2246
7297
3553
3819
6784
5327
4952
4849
2678
5633
99
913
2977
7931
9523
7453
4455
5862
6395
6939
2542
8084
449
376
7162
9566
6767
3609
4605
2882
4658
4097
58
3022
4550
5614
7422
7565
3974
5756
4296
7553
8903
4613
2615
6574
7189
7585
3323
5350
7924
4350
9091
5591
1723
9238
4527
1020
2827
3989
2746
1261
4419
6667
7007
6087
8441
3021
4645
3027
2433
7050
2482
5689
907
7618
8859
3159
7355
4728
2253
7037
5372
1395
5893
585
5540
6937
2661
6336
2479
5940
9855
111
1861
9755
5605
1603
9670
4220
2146
8764
5451
3273
6782
4361
3451
1690
141
6766
679
4556
8851
9460
6506
3473
598
396
5999
3034
5090
2546
2411
8086
9726
2212
5561
7487
5037
5028
1297
2682
26
2242
9820
3030
2217
5101
4531
2850
2720
4012
8727
2023
5735
4050
7432
5786
1995
9304
9765
1577
5361
9312
9663
4523
3781
470
7703
7833
775
6201
6801
3494
2375
102
9803
6251
495
3477
9860
7249
7394
4413
8725
5706
3854
2904
6500
8861
7490
7144
7144
8236
6322
4163
6464
9970
2229
7340
5115
9303
5350
3275
8069
3813
2998
5561
2362
802
4213
6339
9150
8209
9667
3378
7011
3933
2855
4734
5674
4062
6147
4337
9651
1673
7701
8623
1128
1447
4408
2461
9196
1884
363
6687
1407
7641
8919
8227
367
7584
5577
9178
9436
6327
6907
1199
6631
8786
5498
8529
1353
9981
2584
9965
8857
3171
2165
6941
1
1406
4726
1264
6960
5704
9091
40
4042
6921
9498
8418
1745
1966
8656
9293
823
7825
684
5880
6949
5818
13
4053
3101
9654
3901
9281
4184
934
3756
7074
7193
5856
564
2021
1823
5032
275
7390
406
9351
7734
8896
7342
5592
6881
2388
7898
3751
8352
2627
6601
2970
9040
2593
1688
1061
7579
8278
3813
121
8142
7574
6727
3902
2046
6156
1319
8487
8226
5445
1416
7754
8638
2405
8277
8188
8847
2314
4433
5472
9566
6276
8125
6750
202
662
9451
8236
591
8715
8996
5435
1572
4881
7946
3071
3829
5411
7764
5439
6100
469
6817
7762
7465
2416
7501
7961
2943
2402
236
6415
994
4976
5712
9220
1323
5527
6594
1925
1969
9938
7419
7364
3361
431
2666
142
724
6304
4981
8215
7877
7521
143
2291
4162
1711
2269
2873
3051
5979
8825
4246
6932
4435
7010
5860
4102
6790
2669
4302
2877
3706
4770
4073
6781
4700
7241
6979
1315
4293
3911
3639
5159
3730
6050
9845
474
7125
4410
7326
7924
128
9709
874
2022
7229
4839
2342
1242
4186
8509
9490
561
3093
1976
7432
1901
6557
1112
2802
101
9535
5395
8137
314
1458
2071
5895
96
3674
7335
9210
4043
3557
3494
2146
3336
5014
3502
828
8444
9234
9191
845
7700
4795
5393
8570
4100
9355
9469
432
6238
8992
4916
5636
4354
6891
1341
3028
9547
1412
84
2908
9460
2043
8989
1673
9105
1570
2223
6745
5480
7017
6705
8765
344
595
6885
5740
9959
7700
7868
6122
6887
8554
7784
2551
4797
2878
7765
1425
5149
3807
4346
9312
6414
1880
1796
8807
5457
9675
4468
9309
1522
9488
4322
2119
9366
5931
8581
9725
4075
8547
6537
1162
1488
5075
1336
3137
619
8217
7338
2327
9904
1899
1298
5417
9466
7680
535
109
4007
6095
6769
8110
9163
8773
4879
2862
7848
5590
3994
1727
5138
7192
5324
9400
3835
1542
7649
5808
8120
4779
5735
4140
6870
8435
8162
1773
2005
1501
572
6311
582
9809
9676
4458
8864
1873
2059
4244
932
9209
5416
9451
6771
2274
5220
2415
5316
6154
2071
7099
3183
9168
1093
7249
5232
7549
3289
8055
4521
6875
351
9680
3315
6629
6747
9991
2981
5849
8821
703
1055
9125
2138
3108
3514
428
6903
8401
7048
6213
2061
6342
834
104
7909
3475
8424
1635
8979
8551
29
7350
3106
997
5007
740
3951
7676
4690
6871
1064
4868
767
3093
4559
499
3324
1138
2657
6088
9964
1434
1849
1536
1338
2230
1619
3874
1736
8035
4807
8077
662
7782
1084
2483
9798
3286
436
6169
2674
5320
9647
5065
9882
7512
5840
3583
2180
2714
7802
9200
8602
283
2663
9026
1891
556
1564
2028
9514
543
1968
4735
6470
3611
9764
8463
4504
4473
6696
1054
8078
2708
3021
8739
6066
378
1929
2244
3029
6570
3824
9189
8967
8280
7341
7468
2685
4215
3617
5888
1150
2525
8143
3587
8901
9279
7866
1065
8176
8667
3145
3575
3762
4039
7195
7036
2022
5358
7079
9484
5992
15
7368
9429
8614
3369
4388
5106
5583
870
4473
6648
4101
8328
8555
5577
6595
2929
4926
2236
3784
8307
1276
1938
4861
1316
6926
4622
6226
3210
6789
6217
8824
2721
9249
7486
8290
835
8401
7420
9098
8439
3287
1607
4348
5102
1587
7306
2588
2721
829
6873
4842
5240
7118
6228
3298
7075
9784
7952
4449
2408
7123
4124
2825
5125
5428
8023
4979
5366
5908
899
5492
3192
3135
4806
6588
3743
4161
2760
5783
7302
844
6907
4757
8113
4520
8989
284
8902
9620
7245
8197
4540
6395
201
369
2861
9504
7142
9321
4174
1174
720
3006
2474
3495
3723
4715
6657
7140
9427
8489
775
7309
51
3150
8510
8885
3905
3361
3624
4448
1321
8949
319
4647
9312
8879
3139
1838
8092
905
7007
8309
6133
7174
9714
9888
1122
8335
4906
1921
2790
7397
7412
6507
3994
904
810
6099
4036
7761
4088
9335
8028
3114
5920
5748
4
6522
2395
9008
3854
2568
632
618
490
757
6775
4995
8031
3303
6136
8791
3558
4308
621
396
8252
2276
642
9017
1854
4434
1336
337
6574
3645
4430
5113
827
8244
8022
9906
9984
7508
7616
8943
5177
7229
22
7469
63
4959
9821
1314
4576
6278
8900
6875
3835
1509
226
7782
9387
9583
1702
8265
1115
2537
9069
7172
883
9542
7807
6851
8309
306
8641
5309
4207
8025
4253
8489
4605
6473
2975
2879
4683
4256
4194
199
2609
8177
7176
1146
1468
6949
9204
9436
6458
6666
3048
7535
8881
2846
8725
384
4511
3064
3843
8203
8448
8446
696
5308
4466
8905
6060
2185
4606
7120
1736
2634
4415
2768
1664
8920
8541
6100
4957
4716
7506
4547
2040
8413
9115
4083
4228
7541
8090
4898
3340
8404
585
9482
3339
2404
9857
7142
799
6990
7338
332
879
2180
3026
676
3619
676
8108
9369
9790
7335
7909
4483
2917
9187
9710
8266
5205
6371
3728
3041
5290
8025
6187
1557
3726
5222
3108
5921
4931
1420
8889
2847
746
7694
5703
8045
8773
133
7129
931
8216
6899
1450
2251
1182
1389
8691
7402
4237
7481
6022
7953
9794
3820
5492
1560
6478
6981
8917
3383
7882
690
4287
7915
2455
4665
9457
8530
8196
6026
4729
8304
33
3901
7475
7440
6628
8602
5584
5334
776
792
6028
4635
5464
4744
2175
3925
2426
566
1260
83
3907
2874
2242
3883
5426
9970
881
6787
6944
1247
1208
7500
2247
2110
8377
2229
5176
378
7125
1260
2918
5952
314
4470
3600
538
1907
2403
420
3695
8000
2363
5477
6841
29
4396
3979
6082
7110
7466
2615
1398
120
2497
3331
9579
3988
1468
1085
7308
1990
3607
6894
7145
2579
9990
9576
1689
8091
3702
9782
1257
603
9099
3956
9633
9159
8089
2973
406
9290
9857
9725
3504
9151
3007
6341
5575
5254
7885
503
4461
2270
5862
6296
9059
60
2539
9451
2106
8044
9736
8047
187
5900
1299
2867
1508
6318
851
5435
2112
3428
3979
3374
3294
7239
65
6455
7347
7225
9256
1564
5943
4130
7032
9309
5965
4109
9096
4153
531
5606
5134
2780
4275
3732
2823
8835
2450
4792
8821
3471
5371
7844
5345
2898
7946
8010
3396
3213
3184
9187
6053
7125
3372
1135
7621
461
6721
1737
6720
7228
3498
3071
6192
6461
8287
8947
4126
2599
8619
56
3127
2404
5
4268
1899
932
9975
5014
1139
7458
9696
7028
9715
2531
4814
2168
8755
5858
5696
3412
3270
3536
9090
1748
7600
6171
6355
2420
6657
8460
7119
7878
2702
3444
9328
9399
7082
6765
8791
5705
3809
7311
9648
7538
9884
9526
3564
6342
5672
4975
2562
2278
6866
1316
7917
5520
4968
8115
3444
5138
5099
6357
2286
6411
3632
6896
3409
8967
3325
8546
1477
4184
5655
4931
8655
7320
2943
5282
6784
2821
6144
5310
4142
5904
1752
7878
4980
6100
2047
5203
410
1257
4775
8183
7356
3102
477
3891
3714
2978
6963
731
4866
4934
1586
555
565
7688
1834
8065
7112
7002
8775
1559
9234
7758
6289
5160
7594
1624
1382
9352
5045
8321
2861
2415
7731
8053
7899
6149
8976
9742
5390
2528
3717
6354
9376
5078
8810
142
7146
889
9282
2436
9038
2058
963
2472
2197
2823
9434
9298
4336
9738
5990
7383
3152
1174
1407
5042
2598
8061
2649
4366
9979
3346
9405
9890
8008
8319
5732
5437
720
4926
2721
8328
7792
6247
7024
4460
7941
9009
6034
4711
9037
2005
1269
5549
6927
609
2093
5967
1251
1116
2956
6333
9138
4455
8291
9363
4455
1429
6033
6727
5846
7036
5064
4924
3856
7772
8826
3508
5363
2778
4284
6264
7993
5355
9301
5744
8435
2412
8505
4569
6023
8816
9332
7521
334
519
7461
6304
5060
34
6237
955
5873
1634
5914
5078
740
6751
9230
4407
1690
3389
9582
2564
322
2123
5398
5449
9952
2018
2939
6348
6515
203
9165
4046
5082
5216
8206
7534
1061
9874
7775
7322
4426
6651
2691
4464
4262
3892
8210
8983
3751
7227
1384
8958
3774
2360
3148
1705
8260
4568
355
6937
1588
9425
5722
5415
5336
2481
6356
1848
1311
5690
4433
4269
9612
8720
6438
4732
9422
8118
817
2404
5127
2690
2391
1143
2432
8233
2461
9801
2341
2279
8222
74
4294
8483
6777
3643
8175
6743
5783
1686
544
3383
5989
7268
2861
6770
2342
7012
9977
1374
8671
2390
821
5709
4920
1057
9049
993
1325
1442
1171
5772
3281
441
2681
3127
6711
2481
8468
5971
4510
3862
2812
7136
457
3919
5844
8856
4823
2692
377
8645
7687
2596
4178
988
9792
8232
8240
5154
8221
9905
4708
2985
8754
8741
5423
8421
7814
634
7726
8735
3910
5750
5071
8245
7050
8748
8924
2042
1316
904
9096
5925
2005
3591
370
4746
2371
9899
8000
3261
3865
3080
786
9679
8179
3620
9561
3997
5982
8249
2726
2722
3911
9253
2631
5477
218
391
4326
9075
9613
7686
2648
3844
8018
2477
3979
821
7406
3286
659
9896
2775
1307
4870
351
6801
8249
1752
8467
9968
8710
3907
8220
7685
4602
1131
5017
8240
3971
9756
6174
2496
2107
6720
6061
6599
6036
2030
9083
4321
9893
4656
4432
9213
5057
5302
518
1264
7469
7091
8441
6409
6232
9975
399
5272
5247
4349
6790
6297
2125
8714
4944
2833
7806
4186
4204
519
9530
8541
8043
6106
155
1817
505
96
1006
2990
8327
7314
4270
1766
3650
1145
374
1454
4683
9086
8116
5630
75
4027
8940
7429
4820
70
4558
6801
9336
5030
4254
2009
5359
2771
1894
66
9986
811
4770
5682
263
7077
422
437
4548
7591
5643
1625
5166
7362
3426
3633
5404
1145
9315
7103
2070
6422
4735
9768
2393
6079
2962
7457
822
4664
2288
6269
1786
8627
9362
7024
9735
9288
2602
4278
9943
6092
6551
9612
3290
3276
7572
6190
375
9695
5882
1055
8806
3495
2446
3678
8195
5143
2477
3058
7489
2330
3599
7399
2981
3278
341
7010
8513
437
1395
2922
5589
1825
5813
3101
6604
140
5099
2152
3368
1029
9028
2708
5775
1644
7185
1387
2805
7695
9384
9901
9942
6697
2842
8813
8070
3115
8745
1042
458
6348
3598
6806
3925
8831
7622
8243
3183
9668
8356
2432
2512
5663
3762
798
2248
6171
7042
9820
640
7622
9520
6643
5926
6273
6210
4079
8015
8818
1786
5932
985
6694
4437
368
699
6872
8324
9241
9128
7737
2389
6912
6163
1520
7053
9342
2473
8851
851
7964
2624
2878
4380
7064
252
4956
1648
173
4478
7940
1693
921
5141
3576
4356
3463
4124
1836
849
8215
5670
1633
9629
5718
7824
4723
6297
476
7832
4387
8950
3395
1707
9245
7706
5691
8670
1068
8424
101
7824
4913
1510
1382
2102
7680
4969
2204
4047
2820
5740
7128
53
2190
8811
2557
9067
4164
6288
7400
1844
8925
6283
3338
3875
1774
6688
1791
9780
3036
2974
7804
8713
6765
2972
4252
8627
3344
4766
1883
4607
2852
9020
7195
4949
5213
649
4355
8312
541
5728
8272
4410
5880
5442
7662
3868
4162
8425
8065
4367
1106
6526
9441
7485
6488
6996
1563
3430
9661
2561
5472
2141
7527
9763
4493
2381
6225
331
3495
8471
6003
4840
7904
4754
9038
6082
8961
9761
8645
2073
407
7871
9721
8520
6042
2853
3343
2461
2910
3680
3078
1463
7330
3012
1798
8931
4922
2838
3634
3312
9657
7018
4524
7597
4454
3952
9784
1312
6692
3738
376
5023
1931
2667
5972
9000
8599
6682
157
2380
8660
6176
8386
2966
2467
6951
4408
6696
6871
8022
6642
8615
3263
1871
901
1163
4398
9168
1274
6982
6913
7872
2239
8393
9641
6489
6538
2932
3114
5313
7223
9325
6944
4
2793
2126
2433
3583
3071
8516
9888
8604
7934
8332
8007
516
2231
5167
9882
6380
6880
9454
5946
1983
322
3450
747
4891
4562
2358
2657
9944
6766
8305
8734
3307
6924
4810
6548
4318
3442
7025
1363
9122
2424
2630
7310
5696
2498
4308
6529
3742
608
5528
8462
3650
9393
7318
7864
6719
7849
2884
7576
947
8359
4294
4159
715
6366
2479
9889
9467
6075
4063
6578
7943
9321
9926
821
986
5019
6986
631
41
8276
6425
8072
1083
5405
5256
3265
2686
2079
8244
2020
8647
9377
5876
4426
9451
7229
7702
8105
9681
942
2947
95
1469
3584
3258
308
2246
3099
4221
7479
9690
2589
9819
8980
906
2813
6793
7860
8041
3824
6690
1485
1215
1122
9423
1578
5812
2850
4819
7584
5462
6509
1722
5553
2813
2610
8352
6249
5436
308
7653
2564
8295
3054
9578
5839
718
5590
433
797
1811
9763
7616
3056
5188
1187
1412
6605
3539
8241
1825
3526
8794
2548
4257
2991
8249
7075
4001
1940
9507
9793
3356
3385
1824
7994
1867
9650
2070
1981
1269
9536
8056
6572
1811
2201
6138
8240
3504
7779
5702
6088
9026
3578
3444
1750
7310
7144
5914
6931
5367
5384
6185
2813
8685
7205
6612
4985
6011
3168
7145
5008
5347
7320
5358
2001
6124
9203
9573
3120
80
6344
8067
3194
5668
7790
8999
2593
6903
1659
9105
6797
188
2417
957
3313
304
6742
1347
1260
6395
9331
392
1634
5893
1307
3128
6571
1357
8100
8251
2325
2064
5462
715
1978
9972
7389
1809
543
4950
3497
1199
2184
7309
3032
5348
1752
9979
9470
7754
597
3578
9091
1638
6235
9056
8343
2841
8957
8176
4368
6299
3910
9244
6523
9040
9227
96
6705
6885
3884
1830
8139
1195
3560
7575
4409
9455
9013
2639
4394
5951
4724
9536
928
1351
2221
2437
671
4814
7910
2478
385
3365
1177
6508
7415
2255
7398
5317
8435
5776
4574
6723
5877
6832
8548
9507
1794
1930
6501
1519
2605
8017
2712
9749
282
2307
3514
2115
5908
9338
6236
8615
6535
7780
5259
7090
7136
6638
8633
5245
4944
3354
2361
8759
4753
2006
2712
6993
9181
1616
5173
9421
8876
2282
207
3376
3690
2048
8718
4555
2178
2773
4602
6233
8456
9338
3584
9376
4672
6245
7024
4593
550
7331
6735
3670
1558
6128
4999
9075
8946
8860
3291
9706
897
6132
2252
2866
6953
276
8693
2927
9878
3674
9838
9636
4702
3856
2418
3659
2844
3676
1270
7186
898
3326
4934
2365
2738
7459
8779
4914
7031
8396
7852
2369
1500
224
3508
8211
5177
809
6006
8343
7679
6204
7186
7374
8979
4498
7925
2383
3150
5574
5287
7106
1215
9520
6124
1950
1194
4497
5306
7126
3780
747
4816
5983
6532
4887
2847
6194
3047
7642
5418
8189
9347
2213
5676
6176
8465
1410
4039
4412
2920
4727
6865
6921
9695
4894
7057
6560
9349
4022
3627
1328
226
3301
891
3803
1454
8115
314
1431
1704
302
7838
8299
7398
3151
8993
8079
9620
5128
4237
5383
2446
5751
324
9874
7787
2443
6213
4841
4761
6437
2926
2038
2754
1242
9661
2905
3317
8456
551
9535
6987
2533
7997
4883
1601
413
9621
8201
2997
2720
7196
1413
3818
2109
4156
7610
7690
7844
4986
7997
2838
620
9015
8725
8483
5634
5580
3463
8204
7004
2990
2762
8641
6338
506
7269
1608
4350
1001
990
823
5213
3164
4427
2636
4503
5566
5058
3164
124
9499
3174
5373
1648
4731
4033
5807
1729
8561
6642
6363
1596
1850
1816
5152
7829
7802
5854
3406
2542
7811
4003
3105
5623
88
8615
6044
692
6411
7363
9563
1359
3202
9713
45
8026
715
8872
9617
3149
1514
9018
1345
639
9673
6384
2230
1982
5995
6592
2662
9278
4312
4111
4079
844
5774
3970
7696
8094
2659
7016
4600
4000
3004
6368
5603
560
3420
8891
8670
3612
6279
4481
2613
7299
4209
9632
1631
2528
2536
2413
467
2962
5392
2520
8446
4100
8506
919
2510
5782
3001
1414
4807
1685
7848
1389
6456
6017
4587
3173
4487
9394
9297
9724
9595
7808
463
8899
1144
2867
2727
3921
5248
5886
5665
4900
4865
4665
3818
1407
1203
4330
3796
5981
7551
3700
3962
5679
7204
1061
7711
8379
7902
8193
6773
2568
1142
2172
1557
554
5466
9667
2356
5351
1502
4196
3541
2925
3950
6012
7065
4915
9571
542
9597
1285
3309
5673
75
9752
1574
5000
4139
8993
1257
5130
2568
4692
9078
5850
1798
3298
6482
3626
8214
1543
9429
2
7542
7998
1698
8056
5054
9790
4421
2906
3891
960
8631
9594
5704
4084
6875
8913
2683
4112
9396
5274
5325
3362
6564
846
9300
1891
2434
43
1050
1226
7263
2667
9008
4586
6972
7932
9193
1515
353
8753
5725
74
7286
844
7929
536
5222
4668
9044
3540
9638
1820
6543
7725
1394
8575
925
5235
5164
7903
1356
1810
6557
8849
3974
4749
9558
5562
8494
8599
344
8264
9754
4365
827
7759
6432
8931
575
5981
9057
2592
4908
8287
8179
2496
826
8250
2873
6631
838
4200
1075
3233
3057
6726
36
8780
7060
4283
3584
3269
2422
6657
9495
8658
3457
4259
4259
9524
2599
3598
3843
9934
4296
4876
90
5574
3132
1147
8519
2606
6908
5113
2216
498
9166
1784
454
8156
4265
7344
1258
9890
5120
6797
3094
7016
9206
3776
4064
5750
1131
8016
6078
8909
4789
4885
3119
2101
9110
4508
4483
5365
8990
4603
4782
1789
844
1177
6455
1664
9657
2059
878
4650
6339
2952
6837
7142
3993
6828
3261
7713
349
5449
2721
2187
2395
207
4151
4386
7117
3680
1879
365
3449
3075
7216
687
3613
1598
3722
9328
9863
7476
3260
7492
4957
2066
7842
4439
8999
1559
7559
5824
8255
5454
7685
9539
3681
8046
6801
6338
2264
209
690
6659
2177
8568
3606
1060
8244
2127
4383
6756
1484
7456
3851
7036
2142
4601
9921
7470
1243
4908
6092
8392
3048
7468
9112
5228
3305
4901
6267
5382
631
6000
2960
4481
2393
3358
7343
7126
5436
7744
6445
226
2444
3983
8006
3445
8678
5823
4185
1840
3473
9691
2220
6719
3713
4004
2487
8145
6901
5411
681
5008
3157
5235
1416
2642
5721
2443
9555
2894
1069
7795
7580
5685
2456
5830
4056
451
5927
7194
9171
5268
9301
5372
3656
8410
3102
3093
6127
2567
6444
8218
2535
8188
5290
1569
3274
4468
5613
2578
5572
5305
7861
57
4893
5899
7007
9642
8513
6497
7241
9258
492
2451
3077
9185
9152
7684
3022
2296
681
9867
6799
2472
7663
6204
2171
3320
6394
4904
3418
2405
9161
3956
1832
5855
904
7190
2189
2846
5324
9213
6257
4573
9655
3773
6014
7536
499
3017
8467
916
6041
1908
7451
2134
5968
3407
9245
9742
7168
7732
2079
9099
9792
1103
7711
3988
8225
164
3948
6468
1771
7168
1623
4550
1785
1885
9415
3440
7421
9563
7419
5322
5084
8108
6989
4079
147
4770
8861
7676
8347
4346
8370
4031
6758
5194
7688
1445
9610
3631
9471
3876
9413
8992
2768
2296
1255
1513
7260
787
9149
2677
5063
2604
5093
8633
8365
7161
1298
4834
7700
7741
7291
1581
2791
1619
4475
5312
1981
5201
1868
9203
6633
8548
9408
614
9294
9656
448
1095
9554
5788
1239
3227
8387
5924
1273
384
5628
3507
2344
1958
8065
3973
4498
8023
969
1548
6262
1371
4043
9543
6570
7711
303
9401
1523
1039
3093
159
2845
8356
4534
4814
3010
