7234
5993
8108
2302
3457
9703
4894
2517
4852
2684
7067
2485
1170
1480
2218
7281
3664
7901
4438
5958
80
3766
1788
2631
4808
1452
8410
2298
4228
9069
1866
3297
4749
569
7905
4110
131
5065
9583
7966
5194
2090
6423
1403
8431
2683
8172
1743
4189
5889
5851
5651
412
4514
6248
3465
3356
1817
8955
4806
8589
7623
9354
3449
4456
6931
4782
5585
9870
6136
2080
3846
6332
2832
1410
4543
8151
3310
9663
4624
576
7815
9160
7261
8280
9305
7934
4629
2563
5708
1286
9189
2063
81
3484
3867
721
6503
2523
9416
8925
8544
2952
976
3398
8335
6885
6456
2772
7432
6287
7139
2608
2989
8450
4216
4609
9181
3166
9765
5528
2136
5659
3576
8318
1268
5669
2998
166
6434
6738
638
1240
3800
836
8636
2291
3169
9314
906
6130
9306
626
5994
9673
3196
3572
2018
9423
3847
1465
696
6270
5854
4268
4603
9655
6948
7814
829
8702
7479
292
7926
1960
5951
3400
3145
9680
6403
6561
2431
5594
5798
6259
8016
3585
9639
6858
6721
9537
9097
9429
6103
215
3047
7980
1387
2356
4566
8010
4141
185
9300
3059
890
3258
955
5166
3684
8309
6189
3822
8777
8434
7276
3236
375
8108
5354
3418
1838
7847
4144
2819
2036
3417
4901
982
5228
4074
7283
340
7489
8500
6798
2386
8715
8729
6481
8984
4040
7183
9881
2828
8292
4216
8257
3988
1360
368
2286
2401
3081
2647
2241
1668
6059
836
5122
3183
4561
3567
8311
7671
5626
6257
2765
6634
9810
5483
6386
3015
7506
4883
1016
8182
3987
5647
3276
601
165
1699
8796
1685
9273
4961
3469
8505
7352
7243
9819
926
5270
5434
941
624
8847
4391
8648
5645
6877
638
3447
901
5003
9153
672
3434
3490
4681
1162
7998
1472
6643
4652
9353
7508
2755
2867
9279
7673
9976
6919
5915
2143
9686
3501
6622
12
7568
8888
4265
2520
8235
7102
9985
1495
969
3462
2087
2151
4788
811
9649
9808
9715
3924
6562
5569
7707
9692
3612
7750
5041
4853
7881
8313
1444
472
6760
7998
1085
2864
530
379
876
1309
2282
2171
8432
9677
3980
2029
7093
3205
2691
5268
3372
2442
3263
3413
8531
3054
3251
7188
1258
572
2574
9439
8756
3181
8224
7252
7872
5649
8627
4580
553
1713
8340
2445
3086
9474
2515
9969
7967
3933
6681
6696
3086
4219
5067
5152
8552
9284
6395
1970
2098
5412
3280
2880
9475
6019
1847
5505
3677
4788
6620
6754
7600
3412
4000
4173
1495
3161
8157
5267
8565
5667
1756
8450
7985
2016
6107
486
3927
1789
718
9456
4325
1447
6227
2313
1850
4352
4590
9457
8634
1664
6841
930
9315
4306
6426
8355
3558
5228
2625
4642
7934
433
7410
5854
8389
2
8332
8204
6900
5937
3705
6441
9914
9246
2429
4437
5948
1555
9062
7047
8591
6376
380
1756
407
3031
1877
9698
8545
4683
7167
6194
4738
6755
276
7206
2482
9703
3158
5054
757
6842
9827
7795
1796
4261
1798
8546
8547
8210
6564
2750
5793
8853
4302
4498
3919
6894
7341
1177
1643
4129
944
8864
6864
1310
4461
4345
2186
788
875
2070
9858
5980
4027
6779
7931
2113
10
3515
2329
6697
3739
8073
1815
4041
8355
2020
3068
1836
2298
8248
6472
9495
1047
7726
3380
3756
6973
9364
3266
3351
2258
4208
5132
2740
4247
8010
8046
1157
2792
8290
55
799
6411
2375
7817
6478
697
4381
1312
8910
3431
1019
2693
1219
6269
6099
5536
5854
6486
5214
8126
5643
4600
9060
8851
4175
5806
5853
7046
2551
2140
2917
1823
3731
5360
1716
6929
2158
173
3897
190
8438
4621
9925
3533
1135
4898
6670
3246
3030
5412
2782
7939
1386
8564
8995
8492
3041
4008
6239
3285
1344
6813
6017
2274
8750
7276
6675
9717
8220
3620
6261
744
776
4107
766
7024
7414
8097
5743
5450
4034
2069
4481
712
8313
4934
194
7843
1085
6798
3394
4316
9401
9546
4272
502
3959
343
9156
3054
2749
8841
2782
6119
7858
6586
9886
1518
7467
5589
7400
7465
3129
1323
9452
3423
3672
2322
513
626
7326
6879
5756
5823
771
4983
3237
7728
380
2120
6909
6462
8248
2227
8833
5193
9499
3056
6446
5056
6972
6010
8526
9630
6533
9060
3679
4798
8902
6046
9344
1363
9332
5544
6435
688
5729
8064
1311
1162
5522
4935
3246
2179
1213
8174
2650
1922
7937
4399
2085
7460
8649
5772
6996
8936
9866
9985
9602
8243
5856
2556
9439
4348
9853
6321
8102
7845
3152
9633
8620
2348
8762
9131
9953
254
9518
3375
7745
4260
5335
5196
1251
5866
1635
575
3885
3694
4682
3801
3667
7016
7631
9076
1693
2034
242
6920
3695
7976
2025
3051
8928
4839
7029
5654
1535
3520
8647
896
6404
3520
4596
2938
3758
5979
3560
4419
6126
2093
3832
332
1286
2456
9720
4968
9684
6226
2604
6649
1420
1321
7839
718
273
5958
5304
6441
8640
7862
641
6955
5279
527
8996
7235
918
4059
4696
2148
3516
3987
3892
7457
6231
4625
2988
8459
3534
3637
2463
4827
5119
8102
283
620
3887
6507
8815
1138
8893
8221
7766
9455
8704
4206
6521
1968
4271
4510
997
5228
6452
2825
3499
2748
5516
8463
2018
1959
4614
3640
4958
8836
4606
7926
6823
2813
6326
5906
1051
9975
8353
1196
1912
2755
4436
2730
6513
3648
4965
6941
3521
8317
1799
3213
3142
6171
6504
6648
6338
6262
8783
1697
6671
7628
8945
411
4439
4733
5496
9337
7543
1084
8744
9129
219
6077
8400
5118
6000
554
7641
5643
3371
9991
9028
9913
7903
4705
9483
8787
4127
3178
9659
2477
6945
3310
2109
2137
2200
3205
9154
7789
3190
3866
2444
3679
7341
8192
1505
8033
1243
3712
7023
8279
4973
736
1153
3439
1100
456
9572
973
7808
5299
4143
9783
9255
560
9113
3565
7348
9159
1966
5991
9379
583
867
8217
3621
950
1889
4188
7475
3114
3263
8563
2572
6710
7259
8332
6408
4144
8700
4880
2348
7173
4318
4911
9238
1774
213
8593
8584
7596
4754
4994
1100
9733
6812
4904
4285
526
9310
3445
2705
3318
4201
256
774
3014
3084
349
5113
8774
7228
6571
9285
4166
8869
5232
1451
9022
8439
9966
8047
5484
8462
2552
4183
6528
2985
608
6489
5747
109
3296
9370
6630
4700
219
1993
3287
4129
8813
7925
271
2841
1894
9034
1533
7793
9147
3142
4548
2017
1749
9379
224
8709
6730
7327
8549
6423
6768
1616
6394
8631
5153
1220
2853
2693
243
88
3498
8353
5832
9224
4492
286
9130
1642
3945
5278
5856
1430
2566
4107
2594
1036
7806
8046
4030
5771
4378
3270
5624
6655
303
2383
4570
8305
7460
8110
916
278
9237
6571
958
7194
1406
9709
7971
2640
9864
8821
3141
8877
4617
8344
7328
3225
3419
1039
8681
6374
7219
8326
5810
4426
5893
6025
318
782
6858
3883
7723
4399
6228
2913
1332
1348
3463
5406
2382
4845
5955
1821
623
1
9941
9016
4534
1493
4167
7262
8072
1182
3469
1649
2246
3338
9669
7075
7825
3885
3889
8447
9070
4384
1320
3841
9299
9970
3485
6793
6079
8587
3726
9234
4129
2662
4801
7596
9932
5775
6153
2447
1839
8102
4279
4375
766
681
4520
3946
6016
9647
8211
3828
4025
8609
2136
3144
1638
9349
9154
2044
3936
4431
6444
931
2845
1520
85
1271
7852
7344
5499
1965
2413
9280
3140
8691
9120
5579
5572
5155
5220
180
2476
7917
3218
2852
9768
403
5084
3350
6597
9205
9607
4772
3254
3352
23
7880
4532
52
7640
6570
8164
3882
9266
5507
688
6819
9989
8225
3029
6263
1317
1674
2220
8577
6243
3044
8599
1952
4338
571
5875
2887
7327
5096
1423
1193
2790
4674
1138
2237
5019
8125
9438
5109
1770
1714
5211
8271
4609
2925
5069
2236
6819
5461
3220
2122
59
3675
9626
5343
2936
6339
6417
5674
7015
9377
3322
492
7959
5175
4587
7846
6472
4208
3019
8631
3542
5978
976
2123
2585
780
7580
3674
2945
8074
4973
3005
3543
1157
7349
4395
6939
7601
4134
3334
6313
7705
7735
7383
1198
4404
3973
5894
854
7267
279
6802
9545
4122
7090
606
8711
5287
717
5138
7074
2629
21
2340
6700
9315
7564
4213
5176
1304
559
2734
983
7483
5142
6065
386
501
3222
1839
9
1321
1464
5269
8583
3385
1948
2667
3378
3511
3398
9196
2206
1967
1401
2830
5943
6501
2835
3210
9867
6854
2248
5904
862
4789
5807
9808
9436
3812
5185
7961
4243
2475
2188
4218
5154
2419
8564
9264
5916
1747
2891
7498
3724
4241
3362
1205
3348
3551
7278
5661
7627
4448
8576
9588
9363
3289
2394
4342
4914
3076
5146
9399
9807
373
1467
4206
9609
7286
478
372
4224
9978
336
5065
2801
7564
2399
9580
4781
9731
1466
1357
4922
9855
517
5425
7910
5763
5305
4997
4563
9944
9158
6050
8641
1221
2745
7095
7528
4918
1112
2504
387
6476
4735
2605
524
2725
5526
3870
5591
3574
9137
7937
1116
174
8658
8241
4134
7271
5502
8775
5355
7746
2652
8862
6092
934
7239
7384
8099
7449
3890
125
2190
8930
7323
4112
6641
8917
4240
9358
4519
9694
2634
6180
6975
8879
1561
8529
7246
9277
6312
8916
9483
430
5626
1099
3221
6977
6463
6706
2216
395
3201
7300
3741
370
183
5702
9514
719
462
7721
3036
8223
7821
5630
6311
560
2477
5706
783
5061
413
8286
908
106
101
6755
6059
8407
9914
3271
6279
6147
5075
7369
5992
2395
3449
2002
1156
1543
4574
8747
4477
9078
2300
3288
4037
3146
9800
7343
901
2243
4100
2445
6058
2024
7660
711
6480
8125
8392
6391
2002
3730
9161
9062
2030
7542
693
2638
5218
3966
4859
8897
5621
8443
9706
6718
566
4150
6381
7932
770
5447
7451
676
9736
2776
4709
9473
8088
4526
2442
4912
9950
7126
3020
6421
4774
3437
5370
9886
7457
1777
9447
7375
9675
2153
7179
5844
6713
8282
8692
5238
8224
913
5279
5141
3284
8801
3652
3954
3936
4948
590
3636
3620
3980
4767
3345
2936
7666
8754
9803
6047
7878
4895
2464
4561
892
1312
2735
2922
1841
1685
3305
7988
9403
1412
3328
1535
5518
6947
2762
3581
1057
2764
8884
1889
8116
6208
924
4519
2113
2238
427
4112
6529
9289
3591
1790
9558
2686
8499
3302
6261
5558
2124
9330
645
9466
1595
8775
3629
9542
5523
4602
4589
6655
5080
4212
1855
6194
1064
2823
4116
9639
2415
3292
1858
5758
1140
9615
7510
113
3415
84
6381
8286
4120
6387
5082
9417
9459
5817
2241
3195
3095
5780
628
9794
2014
7669
8164
4728
5005
4678
9346
6894
9169
4110
1445
4000
8237
8723
1106
8207
9711
1842
3342
5262
7040
7037
1882
4494
9092
1793
7199
29
6617
4999
9901
9617
6589
5237
6570
6005
8202
1766
4146
9041
5511
1052
3637
3760
2744
9239
5466
2818
2933
2493
7898
5859
5664
9730
683
7807
5015
1378
7403
4885
1498
7160
7974
1283
7357
9973
4863
6334
6559
4437
7294
9653
4986
8494
8983
8098
3093
5049
4308
4442
133
7639
2682
926
7171
5089
3443
7733
8910
3779
3256
5036
9853
5667
4935
6795
6939
1450
3357
5117
916
145
2186
9653
6719
9062
4977
7087
8640
4447
6194
4578
668
4239
4873
9390
6764
7376
2083
7730
3233
6304
5626
6347
886
2372
1285
985
6181
8931
8691
7686
3894
5290
1186
8175
7134
1477
4467
7104
2803
8526
1836
6977
8435
9292
6917
5660
9911
6403
1304
7198
1529
2528
759
7327
2151
5704
9969
6773
6867
8956
2883
614
2664
9395
4379
3161
4185
5427
5144
4574
8221
2665
4
9384
1886
9441
3857
5417
4316
7372
668
1051
4450
4633
6643
7943
5380
4458
6165
3421
907
7204
9027
2804
8489
1209
4780
6818
5009
181
1236
6303
8583
2201
2771
3548
5751
196
1326
8151
188
834
307
6324
1471
8378
5157
6411
8841
2588
4049
7409
7757
9525
5905
9650
6427
9420
8469
7940
2848
7856
6307
628
5788
2475
3536
4560
8560
4434
9149
66
9535
6015
2387
6040
4176
6430
4861
2241
7734
5755
4353
4310
4224
4162
6735
7787
8714
1757
6767
935
7379
8502
8854
6291
3401
4278
1640
4664
4574
4635
3854
5189
3097
631
5378
9165
9490
9746
1828
8982
5114
2440
3653
6754
5730
9656
4957
8130
8190
8460
5499
8145
3826
9784
1967
729
7847
9318
1776
2775
3657
1025
9894
9925
2603
4452
7144
1294
5119
3639
570
2964
444
2507
8910
801
4933
752
2983
5450
5577
3868
3748
6870
5521
8701
2018
2608
5678
1008
5842
6370
5171
4871
3923
5731
4734
1343
413
979
5409
9754
6048
5690
9621
1020
8220
6112
5142
3724
3500
925
9208
3533
4080
2153
8869
1591
9785
3749
6861
7505
5502
6950
648
7341
3191
5999
1839
2668
2419
4088
3067
52
7513
8377
4602
4358
7990
8849
254
2748
2393
936
9628
7716
8140
2581
8372
9201
5743
2502
8045
6712
276
7322
5109
3970
2947
9812
5303
3620
7508
1348
5850
3518
4526
5875
8620
5687
4504
696
6526
6514
8957
1942
9880
1041
4754
7727
4784
6540
3058
2667
4192
1104
3671
6510
1163
2545
6132
8831
9377
2738
2536
845
6199
5040
4807
7774
7781
2700
6055
7514
1718
6446
2516
6550
8983
4239
7166
5873
2383
4312
6953
9778
7208
4080
6288
8606
888
338
7062
7269
980
7009
1876
5501
1855
9614
5184
8996
4604
4138
402
2808
9120
4121
3403
8809
8233
1332
1935
6501
6618
4036
7281
671
1913
4537
1754
1697
7334
3043
3801
7234
1885
8608
4643
5619
8223
1587
4517
6573
6817
6388
47
9834
496
8584
2002
8150
8276
6197
8067
4607
8946
9980
3068
357
7744
8760
5000
4208
9987
8649
6908
395
3104
6794
5737
5448
7080
8485
3206
1046
7506
2202
6948
9195
4184
1128
4617
1652
151
7278
3267
298
8620
6627
7699
6321
7353
1929
6556
7202
8340
7688
1427
6480
2612
4690
5450
549
8298
2250
7784
9456
5302
2520
7309
7639
6364
7248
8917
8286
8858
541
372
9603
9966
5193
7825
4004
3468
7888
737
9036
8500
9075
4766
1293
5239
9972
7557
7164
3230
5526
1647
7036
1457
353
8425
2420
3319
6670
4935
6049
5120
4314
5970
3111
2618
8771
5362
6483
1099
4101
6918
8841
5737
12
7984
6864
3608
6645
325
7032
679
6162
7738
5613
7951
2188
222
4610
6845
754
1165
7208
5095
577
8744
7479
9271
8728
1200
1385
2606
3167
2311
1916
6413
2163
4675
4452
7655
7602
2806
5560
1357
5483
1211
5717
416
3010
2634
3451
1876
7221
1293
2581
4802
2894
8825
1307
6251
9301
3100
3077
3853
1058
119
8820
8839
2337
4961
7914
7624
5548
543
6818
502
8458
8517
5764
7293
7054
9831
3044
6598
62
7197
7524
4761
5137
6341
7391
5269
2275
1777
332
4955
2585
2156
2217
9660
6348
3679
1428
5297
7287
8890
3622
553
9096
1502
1686
7597
4013
5774
446
613
3889
888
2367
6512
473
1851
6038
2517
7564
8409
7479
9283
9499
8473
5664
499
8282
2638
7004
5547
9324
5463
5286
4625
6471
5549
8970
5867
3330
1752
1305
359
2048
5099
6268
8394
8954
8210
8036
4458
9539
5934
5661
1046
2185
762
1878
3473
3491
1690
749
9793
4881
8000
351
6347
3652
2440
9436
6915
4655
6307
1601
3820
8742
494
3369
4213
3899
7025
7382
191
6510
29
4527
4647
7019
4145
6788
2401
50
2928
2217
1114
2622
7875
5716
8668
8773
7389
8927
7857
8168
3615
6620
38
6760
2623
5780
7132
1525
6706
6982
4314
2073
7395
3241
5463
1497
7898
8817
9972
9462
731
656
3802
2275
469
7236
2821
1736
5687
2406
7177
1406
8700
8300
5129
8439
1605
6410
9475
9599
2011
8645
8428
3240
3989
2726
6017
6583
7822
6559
4231
9632
3825
7993
4861
2578
8684
1757
6819
113
4202
2055
6308
9953
6994
7476
1940
7316
7708
5946
8209
9802
2739
2164
1537
3793
3613
7121
1632
4518
2245
8567
6257
3737
4475
1413
5188
6476
4001
4457
6200
2435
3349
6477
2687
6040
8579
5335
4489
7693
1069
7261
8170
6827
4756
8917
3407
4511
986
1311
9935
3144
6586
2753
6456
1288
7924
1413
3466
2228
9865
1264
7413
4067
7285
9293
1624
2298
2754
5155
1664
5993
959
7013
9688
3172
4493
4826
3323
2339
4997
4501
7757
6469
1453
9694
2988
7597
311
202
3476
3665
6405
772
45
2762
4481
9652
5251
2375
3638
2436
8704
110
1375
956
2503
7669
1581
2990
3523
6286
6364
4916
3660
5030
2538
9607
1781
1935
6420
4355
511
473
8096
1241
6659
4424
7604
6130
3789
1324
1212
8316
5936
7395
7898
5375
9615
4651
8549
9558
2904
2278
1225
1313
3151
6698
2140
1477
5785
7813
7910
4796
8525
4903
4296
7357
1669
2270
3693
3308
1838
534
544
9471
278
180
1362
1388
1843
5647
314
9219
8646
90
8340
5394
1348
4215
3129
8201
7743
9125
6926
5657
2789
8766
4559
5235
6043
9846
4372
3232
6117
9282
7500
5291
727
7093
1113
9203
2846
712
8412
8694
2963
1085
1207
3713
9111
974
9750
1285
6255
2678
3172
2729
9854
7844
3300
5249
390
301
4184
8829
5591
8258
6477
9081
6731
712
6745
2814
5894
9709
9951
4149
7246
3790
8436
8461
8711
7435
4957
3910
3880
8512
7607
9951
5004
5818
6981
6746
5993
3671
5378
9316
9323
3274
5096
3133
6762
9695
6842
4208
2232
1267
6469
5272
2258
8297
299
8891
8761
9856
8890
7361
4904
4983
2149
2004
4317
1581
1325
3506
9872
4715
2867
1704
6238
5223
3638
4193
6075
9637
6290
2541
4456
5834
4016
7351
2498
5030
5705
4742
4124
99
1523
748
2938
7242
6071
7423
9890
5639
7478
8011
5475
2586
9594
2633
3227
5819
7495
4907
4292
9158
7311
2905
9483
7475
5450
1757
2054
7243
9956
3395
670
9572
1076
6569
6284
4364
474
8748
606
6928
7856
2489
9869
8189
9679
8721
6490
5835
9971
6731
3445
6893
6756
8149
7397
8167
5466
6189
2605
9721
6436
919
1294
9312
17
7056
2904
5231
8054
7418
2525
4122
7495
329
5297
7581
2360
6959
4159
8161
9190
5183
4168
4320
3514
2825
2622
2218
2840
4180
9783
491
7308
1940
8162
4638
9104
7418
6272
1466
388
7826
7713
2893
5711
9491
1656
2013
9849
8814
9934
8614
8238
2979
9312
7878
3567
4196
4244
6644
9037
1427
9713
1770
7258
8914
3075
6018
469
6517
796
693
3574
8989
1897
1045
7885
4491
6133
2274
3103
9962
9514
2859
2026
9048
949
7837
5771
6071
8594
975
923
5175
3981
9739
5052
4397
2608
1396
2703
1388
8600
6872
1688
1346
2568
9513
7752
4802
4025
494
9538
9411
5523
5944
626
6938
7570
1283
759
114
2755
500
6727
8293
713
2713
2679
8013
8337
2222
9461
9707
8725
6253
1182
4349
2275
8800
8568
5484
1895
8898
203
9669
4232
9100
787
2947
1573
3863
7029
962
8810
7875
6215
9142
8129
9972
5976
4719
3823
8718
6592
3848
2382
2656
9679
8355
5419
7315
5802
2933
3943
1646
380
6301
2378
8519
4565
3272
5820
9421
2818
6511
9322
4063
1936
457
7620
5032
6008
8089
9052
507
8759
8451
9703
4078
5742
711
8833
5424
3411
99
6546
5140
7947
9898
6129
7707
8226
2478
7063
3521
4613
8838
488
7187
3110
2776
5098
623
3888
1878
9781
6874
2895
9729
4979
4162
3443
945
5693
8002
5902
1968
6089
928
7539
737
8660
8005
4957
9652
9220
3085
896
3102
8042
9746
2746
2910
2258
918
3585
3354
6302
5175
2989
5174
251
3905
892
4251
4309
4938
4285
583
9552
8635
5479
6758
7084
7320
8677
4921
698
7385
797
2690
7629
8749
5351
9822
2883
7452
743
1183
3703
77
3294
2739
3068
3192
1825
5146
981
1396
8434
1059
3474
2240
5517
6731
2556
237
3920
5259
997
9422
5098
5028
3345
4886
3584
1895
592
7992
31
7076
5866
2100
9341
7712
5010
9096
8358
6267
4226
8629
3811
9797
2242
2267
8287
5090
3152
5132
1125
1794
6885
3701
9845
1820
4351
7718
143
1166
8536
8803
979
7655
822
6674
6656
6882
1632
8449
5070
875
2814
622
6080
3254
3614
5078
9382
8905
1906
5716
9638
5559
8364
9489
5391
3019
5142
1850
8875
7965
9476
7261
8078
2185
7609
6482
9342
7040
5129
1180
8348
1918
4543
7425
5409
3127
6725
2028
2855
7087
915
7389
3872
1099
6993
7867
9973
5169
8138
3647
4501
6384
1087
4049
8309
395
3357
6353
9563
5913
6167
9954
8758
7653
3698
8374
3788
1298
5981
8684
7112
3783
3991
9980
3896
1193
1269
3701
5166
8792
4337
375
6972
972
6675
4378
7388
1291
2309
1293
1363
1448
7878
2554
899
5721
3236
1684
7335
6269
5454
1464
6558
5973
298
9731
4494
3529
607
2252
5824
9435
5900
5590
6018
8245
3214
7956
6489
2000
1692
8195
8142
6135
7754
9503
4934
3792
6893
9543
5403
1378
6073
180
6976
5281
4021
8674
800
4425
8198
2816
2070
9614
1528
3203
8952
8618
7701
380
6930
2564
5688
8116
8349
3809
1684
6787
2141
642
9251
4099
8954
7194
4604
6054
1676
305
7167
7054
1229
4176
1599
4426
3196
4270
3328
5202
6710
5831
9366
1935
7652
4507
5910
4803
5793
870
365
413
366
1882
537
9736
6687
3720
1312
340
129
9523
68
4486
8815
3607
9355
5315
5469
1093
6960
6249
1187
1552
5751
1722
9100
8518
692
7431
6370
5809
9724
418
8863
8047
5467
7870
6817
8021
2822
2551
2197
9820
3943
6684
8564
6862
8334
2888
7157
9570
9723
3938
818
6457
9426
983
2642
9847
8292
9165
1429
8268
1460
2949
8658
6978
8970
8689
6065
2295
5668
6203
5589
5547
368
8147
9075
7073
6564
7380
9309
6209
8967
6950
5113
2336
5817
9466
5607
8675
1630
8894
275
616
8194
3628
6623
443
809
235
196
2954
6760
632
6709
133
6734
4777
5022
2463
1268
8512
4807
8718
546
9609
5771
1708
2891
4833
3732
2205
7220
1216
207
2637
4327
4682
3859
7910
1174
5301
5702
8091
4729
4769
5739
3341
6804
2321
5666
7877
8491
3750
4682
4349
335
7990
1676
823
7882
8881
307
796
9753
3390
8854
7656
1912
2547
7947
3294
2869
7661
8311
5828
2462
1135
2549
2925
1256
1299
8543
7184
2490
8003
3788
8223
2239
2473
9369
5222
379
1404
4102
7107
7058
5720
9417
8242
6108
8392
8075
5099
3235
1878
5793
6577
1008
1460
6744
8619
343
206
4385
6618
8452
4696
167
3621
1690
4994
2410
4142
2419
653
421
2489
3323
5508
3842
6198
7365
2022
9188
6602
7428
6839
8444
9417
9443
1488
9619
9175
7668
747
528
8424
4709
8123
270
4136
6225
1549
4916
6347
1783
720
4669
3042
534
189
8169
1878
1824
7642
7688
9735
5910
8281
6514
1084
9425
1318
8593
3389
7076
8247
7176
4681
14
5586
2543
5813
6661
4453
2679
1398
4440
9139
7157
1635
9490
7942
9438
1077
4515
5744
4137
3275
7064
3692
2679
3126
6036
5625
6642
4198
2353
4159
8144
4587
450
677
1304
1036
3965
6448
4482
1316
4291
7190
5491
3490
4996
2056
7502
8827
2541
8127
1412
5961
1697
2640
4563
8376
4678
1548
8696
4941
680
2652
8215
99
9233
1810
2107
4336
8062
5094
1691
5733
6879
3050
5422
9592
9004
8387
401
2193
8787
5784
1189
7689
6658
5473
4767
2457
4854
3905
7791
726
6260
6495
9680
9437
1746
3586
8130
2207
3973
7908
5139
8900
8539
8188
8620
8068
6947
8986
973
5648
1788
3908
3863
8750
7041
2158
4764
7545
5426
7265
6108
9668
7440
6529
690
1355
2972
593
765
7219
9979
186
2489
1058
7151
197
9716
1779
8418
78
200
7655
9547
5787
459
7957
5785
7740
6447
3352
8176
3997
2816
7730
4331
807
9789
2540
8598
8227
574
4498
3637
6717
467
174
3460
7411
7009
9175
563
5447
8820
8207
8108
81
3482
4549
8052
3939
8979
443
8808
263
7128
7281
3743
3179
2448
3240
1294
1862
338
309
6492
3924
3278
1105
288
1576
7259
4007
5393
8231
3907
5941
4683
3909
2214
8369
2489
7955
2000
3125
1249
6407
420
9459
3947
6942
3502
3234
7594
1659
7829
4008
9984
1305
5549
3019
344
2764
9982
7839
3692
241
8381
7720
9047
7153
994
8654
9597
8331
5373
9102
8884
2260
3130
3725
2965
7766
5342
1077
2896
1923
3549
4046
9490
4327
3099
8571
95
493
5187
5512
3430
4325
571
3050
2655
4479
7756
7992
8258
6647
8757
8990
2302
5621
5140
9951
4029
3175
1249
5942
1711
6793
7340
1227
8266
9301
2083
2102
2231
473
4216
8284
7292
7325
466
8177
9667
4564
6560
6326
5807
222
3684
7802
7522
2122
9629
1955
3965
6581
3820
7477
5352
692
9185
1587
7808
8165
776
8743
1007
1410
6933
9133
2765
6695
8711
8584
9061
9413
9179
8009
9322
1495
6475
4582
2393
8772
7439
2112
9056
662
9024
317
2698
709
2664
6192
2043
7470
1569
5186
8967
6185
8983
7126
5430
7504
8043
3745
5649
8847
4462
5979
2817
101
8623
2812
8557
4840
2470
9882
8241
2228
7623
2408
5045
7278
7696
4465
718
8771
9035
6104
4946
618
4188
6715
8133
6771
5515
7961
2847
9627
309
9946
3597
639
1448
9810
2012
6905
9830
3775
2851
3346
4093
4363
9813
6105
4870
8099
718
325
6129
5517
5400
9936
6589
9805
5138
7839
6210
2274
9251
5278
2039
1529
9405
5672
3835
1182
8658
2807
5774
2139
3876
4537
6364
5104
1484
8637
3366
7673
8671
9102
2824
7025
1747
6404
3437
6451
732
8567
1394
5031
3587
4973
6650
8285
6541
8467
1729
1388
4743
2704
1288
949
9675
7719
4697
5871
1273
7996
6403
3651
1449
9499
7739
108
2924
5615
5353
6464
8596
3481
9722
1481
8539
8875
3949
1710
51
4235
321
4974
8263
8563
3561
7672
4241
295
7623
2397
8865
203
7925
9293
6517
2104
8431
2352
1615
774
929
1971
3252
3895
1106
7246
6041
8776
3572
6446
4529
2109
3085
9233
7172
3152
3298
1538
2323
536
4893
4677
4316
5389
4288
6569
3814
8123
9327
2585
903
2156
8345
5433
2187
6727
4436
4675
6560
6526
4808
4302
9746
7772
1491
344
6659
5060
7298
5704
3269
7254
9900
3917
4064
5596
3969
3925
329
5396
9614
6957
8478
4402
1965
6512
9416
1997
5206
3240
1023
3384
6313
1338
285
753
3046
6908
6152
7083
9744
2228
9260
1964
3407
8957
8621
6061
5127
7461
6246
2528
9441
6438
9826
3744
5271
1047
4114
4900
5713
4166
8243
1613
3983
9860
4188
5051
9973
3184
3917
2051
99
2997
1973
6674
6952
2035
181
7212
4206
1322
5829
2227
5202
1903
352
7112
3449
9206
2390
8638
7786
4519
9618
7974
8026
6260
2664
7168
8949
7692
3932
2246
464
8679
3380
2361
2652
8773
5861
3359
8151
720
2206
6648
2333
7548
7009
8713
2521
9780
7712
3053
8215
8229
4075
6613
6919
3791
9231
4762
7321
1293
8165
1418
268
3062
1856
9492
8967
5058
5712
3287
1296
8520
2126
396
8552
8491
848
7616
232
2462
8532
1389
8151
1810
1491
8691
7873
4627
3087
9836
6717
37
9574
3017
5909
5964
1985
3871
294
7144
4273
9773
2406
4413
3087
2213
7713
9905
5705
5339
6499
2219
12
6578
2901
3571
7703
3978
6598
3835
3677
5052
5197
5825
106
3829
9079
3737
3806
2197
2488
3639
9974
3372
1808
7308
2799
1550
3222
7637
7347
6573
8080
7580
8150
7567
6086
1237
4483
9872
1706
8785
7300
5750
9178
7388
1368
7908
177
7206
4950
2786
8424
7619
4644
417
3931
7659
7448
2800
6562
2245
1799
6722
4233
7645
7780
9540
4543
4113
5299
8782
9055
5600
9005
431
7262
2357
8097
9520
3796
1511
1425
1388
6323
7706
7370
1496
609
9155
8532
902
1896
8912
6043
2571
1848
6936
160
6915
6072
2773
2550
4485
8346
6492
1639
5678
1878
4508
4011
105
1478
6043
93
6544
5439
7789
230
4934
2433
8218
5941
4832
5380
1423
299
8224
993
2375
1920
3557
7364
1798
8410
5484
3954
1516
4999
8361
6763
1619
2926
8208
3160
2215
8097
1166
9883
9272
2729
570
6168
2193
4990
6997
4982
9033
5467
5391
6495
6760
7645
5069
488
6105
2415
1837
2169
1762
8505
7146
6651
8279
529
4524
3601
1499
7219
373
8607
6582
6214
3177
8200
2247
9120
3081
7082
2269
2920
1670
8289
5876
5336
2196
359
5993
7891
1469
5963
8467
924
1125
4923
5608
8762
2095
432
3463
2365
2106
8969
8553
1766
613
5002
9975
7495
7783
6998
9267
3731
9214
7450
7891
1106
8079
3842
8061
5518
4262
5039
911
8179
2166
2928
7568
8563
1278
527
9122
4737
3843
8246
9441
6612
60
902
5680
7876
258
8090
3094
1429
9612
1318
8186
4387
5754
3640
8441
7575
1312
7517
309
9934
8106
6989
5690
6690
7764
3150
2115
4552
6902
5547
4916
9393
6738
1028
2029
4042
3446
1270
1172
6128
12
7896
2631
40
7208
8500
1648
8988
7937
3129
7925
6697
1697
2217
7640
159
6626
6642
4156
8522
299
7739
7033
2464
9045
1996
6566
7333
2336
5394
4812
993
2706
1826
4629
7996
8695
1766
995
6199
2518
731
531
5338
9465
5115
601
2420
9914
5902
9258
2303
9664
8100
5835
5535
3760
6807
7837
49
98
6922
3654
4338
4791
7465
6424
7303
1810
1761
5297
6528
3006
6307
6046
8561
5456
2441
6767
1945
1269
8433
520
7098
8532
8024
499
6222
3426
2418
5751
3108
8202
5087
1723
8780
4284
659
4454
3395
3470
7826
4233
7708
7175
2471
8697
8
2328
9491
9604
5575
4057
5994
2665
4835
7482
4799
1867
4183
1806
6504
1692
3617
4736
719
9982
5948
9202
8343
1873
2091
4233
6154
5834
9493
7990
1747
1217
9627
1615
6195
9286
3953
4603
8939
7247
2402
178
9222
7581
4367
9990
4471
7538
8567
6721
5955
150
4722
9333
2397
1931
7098
9954
212
880
4783
9134
2405
590
8938
5362
8353
7261
2549
6904
823
5786
2771
8505
3440
9152
4654
8114
2681
2035
9170
6823
2268
5208
7770
5378
9288
4470
5495
7525
8001
2757
2818
1784
8769
9683
9057
2203
7928
3410
1006
5769
7005
5594
4666
2962
5777
1950
455
4763
7074
21
1472
3642
661
5734
4743
3470
8628
3878
4058
3381
4387
6334
4100
6323
7175
4836
2420
5141
5412
9355
7854
3680
6233
1750
1045
735
6006
4673
4129
8172
564
9271
6622
9626
1481
8030
1635
8976
2974
731
1209
1044
479
4249
4883
8736
9725
5034
2494
9790
5011
7837
3316
9135
304
6529
3614
3096
3489
5554
1976
7627
3057
3618
6668
4929
3157
5122
750
7196
1672
9844
7402
2133
4723
7717
7915
866
2001
3855
1757
225
7183
5742
5668
764
4651
8958
9267
4992
7614
855
6066
9644
6413
4348
4278
6165
5175
7081
283
7049
1591
3919
3869
1987
3562
9468
8345
1961
4841
5398
2497
3119
7894
6796
3977
9175
857
4377
8966
4884
59
7641
6668
5447
7915
7569
3456
2788
587
2244
7195
3177
6179
8340
1968
3002
7205
8688
3863
5784
4049
9359
1934
1685
2878
7608
1459
5405
7526
376
7453
2428
3470
8831
7433
9288
4668
934
4071
7230
9568
5919
2729
5982
7220
2800
6474
9950
5759
7362
7971
8192
1693
3232
2003
94
3045
2617
442
547
4960
5849
2871
578
7796
6511
1867
9136
7210
1897
3410
6751
2579
2484
7964
6860
1857
5166
4401
7386
5266
1250
8509
5997
7844
1358
6977
9808
5963
302
2946
7278
2172
941
1402
6539
4254
5885
7703
9358
1563
3775
3526
3137
8668
3867
1927
529
5739
9677
9151
6296
4233
3150
2376
7040
6251
1137
4760
4739
7451
4154
3304
3585
112
794
929
2867
1277
405
9928
6663
7662
4728
1523
8074
3906
9024
5545
960
6521
7997
61
5123
3195
9856
9276
2635
3289
4064
814
5878
2376
8434
8548
1504
2253
5266
6487
4833
2076
2604
1276
8444
6044
3721
4601
2429
5511
3667
571
5716
6009
2260
7731
5926
9812
9746
2518
8130
2133
7007
42
6727
5901
4814
8037
2986
417
4085
6224
2999
4005
3254
172
8841
2992
6624
4598
5314
6662
7265
354
5344
9292
1929
8510
3043
6307
6912
3689
6343
2934
4059
4112
183
8789
3959
8882
7413
6000
1240
4282
5169
5567
7585
4120
9234
548
1225
4150
6029
8730
6605
1295
1803
6563
5124
3740
7491
680
4277
1157
3465
6590
379
3670
4917
2615
8416
2181
9077
8396
7347
8194
551
8573
5476
1876
8374
5019
6555
2601
1905
5726
5213
3599
9208
2361
924
3999
7732
4361
6453
1908
4566
6729
2436
6415
8123
6701
5798
7249
1565
3553
9919
592
9169
6876
7341
2552
6515
5929
8907
7690
8466
1506
4288
860
1327
4074
7851
2574
6778
5223
3984
8252
4357
1779
7327
7426
4566
6924
1304
1195
6886
149
2344
6841
5930
81
7955
6915
9132
3328
4593
4746
436
4344
1929
2622
903
7589
6243
7191
5011
6594
6756
7907
8367
3257
9308
6986
6627
5590
6242
2046
5743
2611
8279
6944
1568
4510
1095
1330
8629
8588
6232
6371
4392
6126
8893
8237
9738
8768
9526
7678
9207
5574
9158
546
3295
7632
5971
5740
4930
8863
2521
3161
8706
584
8599
4526
9934
5466
1699
1527
5489
8205
6554
52
4574
2324
9077
213
9246
8486
7777
772
1507
8487
4728
9504
7800
3408
4600
624
8497
2701
852
2133
8595
9545
2504
226
2307
1489
2919
4088
1746
4473
8921
297
9712
5191
3051
8583
3061
9467
6239
2247
5063
4683
7108
7033
2553
5455
4153
8800
8550
1311
4188
3857
5424
360
5399
2856
3657
3051
968
3559
5894
9907
2548
8064
8251
3143
7048
7034
3880
4645
4932
1052
4413
5683
4895
6448
826
5176
7617
2211
9597
5884
5760
7383
1642
1225
4385
1060
2368
7261
5946
8910
3910
8855
8484
1713
9423
3151
2268
4007
1793
325
6164
9001
5107
4546
7616
2114
9029
9750
2256
2511
6119
9833
9020
5645
1848
6086
3799
2778
6
1143
429
4687
8901
8012
8166
6402
6776
1996
7582
7836
7117
2182
8803
7689
5663
8974
6917
9037
8786
1801
3617
6394
7676
1696
7423
5124
1551
1145
4297
454
3404
22
9283
7836
2558
3645
6992
6861
439
2466
8456
9592
6211
5209
7138
1799
9600
5431
1487
1172
677
4695
8361
2088
4017
334
8797
6973
5077
9563
1616
2338
1098
9401
8214
7446
8877
410
4781
9579
5313
6956
6007
5463
2811
1889
1665
3125
3789
8188
1866
2394
1125
8148
3343
4468
7128
7297
3535
2189
8169
8784
2903
7898
6445
1532
3203
4635
6616
316
6487
7064
8578
5977
806
1112
705
9151
2188
9800
9896
4973
9379
1775
848
3374
9556
2895
1735
7722
785
9094
5620
1019
6874
1774
4202
5825
3464
3107
4402
328
3515
5915
6176
1343
9046
9794
31
7159
4014
3054
5607
9153
7
6146
2496
9264
4869
9815
1742
9366
5017
1348
7803
1053
1815
578
976
1298
8809
251
5086
6212
6003
6971
3265
9624
3291
8497
759
2062
2916
2294
3086
785
6187
2066
9679
6019
6565
1312
7942
4475
3677
7434
1337
5600
2622
4366
579
6460
1664
7225
3258
9595
838
5006
694
4957
8720
9969
8512
7887
4776
3667
3604
2218
5711
6984
1446
71
9429
64
3360
3754
1259
3465
9725
6008
4090
1063
4146
3203
9759
7942
4403
3971
7784
6126
6168
195
754
240
5958
4748
8220
8253
1000
7872
3868
6802
10
6621
2141
4542
5638
1692
3075
217
7996
5780
3809
8203
9627
2403
5303
3204
4049
7930
389
3459
4117
3915
1064
2558
407
8948
4904
8077
9993
3570
380
7555
8276
1711
2602
3137
3872
3526
1201
7564
2205
3133
3244
2552
6312
3732
1865
5492
9723
2981
2821
7678
7437
9965
7405
2468
5387
4611
6777
5234
2668
9971
1806
7697
9328
534
557
882
3186
5310
2685
5548
8665
2621
663
5518
5142
5580
7970
3636
4192
365
432
3210
7336
42
294
7186
1809
8915
2640
1466
8433
7916
9488
2927
1734
1687
7692
2922
5398
3488
4752
487
1927
5190
3968
4816
4602
8887
8174
6915
3318
2134
8668
1598
820
255
4860
5077
2714
2217
1787
8066
6810
4895
5148
4860
9221
2477
738
3510
6666
3983
2494
6309
7846
1068
7757
1192
8028
7669
9169
2724
4286
4579
1503
9274
4823
3448
6277
7248
7928
4596
997
8162
5396
5671
8007
6838
4831
9653
8240
6758
117
1058
7104
9145
150
7082
9566
4124
911
3180
1073
3087
3209
7583
1612
5771
6063
9037
3888
175
9085
6366
7163
1136
7227
752
2743
5713
4207
3478
1312
6472
8314
9039
9160
9504
9339
5455
8967
8848
9439
2462
6612
7197
4869
8877
8244
4876
2227
8176
1763
697
940
2776
1807
1980
4011
5606
49
9873
1145
5147
5889
2125
6378
3513
6272
1675
4090
1070
8529
2237
3040
6750
8321
176
5893
4714
6234
6314
9884
1516
7415
385
7007
5991
8304
7987
7556
2894
95
5477
5347
4500
896
5060
9979
3617
1166
6287
2821
2747
8458
3927
8706
2676
2866
3848
7423
9895
152
801
8557
6097
8329
1854
5969
2345
9574
7092
3184
2225
1678
8769
3758
7380
7732
565
572
4793
2622
6068
8103
1131
5236
807
4271
1685
8553
7495
4360
5681
8098
7153
3808
5941
9333
889
5096
2255
8198
9792
8914
6101
9814
8384
561
1466
4728
4113
6725
5877
2909
9572
4926
5690
5981
6369
5499
740
6756
5652
4846
7689
5150
6327
9497
660
6830
6581
3051
9257
1259
1020
3456
9819
967
833
1310
8884
3190
5636
9304
4885
4802
7659
288
8452
8003
2835
2655
7601
8332
1751
6970
2463
2715
6341
3534
6605
8847
1735
1046
8663
8353
7611
7501
2183
424
7450
5071
3868
3186
5740
7481
8795
9547
946
6956
6428
1016
1899
9522
8598
3737
5195
5628
5739
4006
8372
9697
8495
3206
4205
2651
5760
7874
7911
4526
8244
6178
4075
849
7431
8850
7813
9725
8290
2719
8020
9716
1731
998
7111
3140
4704
8470
2628
8544
8124
4
802
8276
185
3378
7687
8221
6505
4107
5617
7858
4918
6233
3572
6446
2327
6208
3474
9925
4772
2086
2018
5783
2317
900
9398
7384
8523
2765
820
926
3634
5570
120
8426
5866
7261
7006
4404
9162
6429
792
5964
2198
237
9754
572
6628
5391
1227
2568
5139
5575
478
5821
5043
8915
7544
4476
5275
5848
4760
6445
1619
3473
4233
2164
9001
84
809
236
4809
4688
8313
8202
72
1757
8792
2244
8243
5189
3140
8863
6724
7803
1904
3860
9209
5846
6618
8269
2063
3264
2352
6717
2548
1431
2515
558
5427
1482
4653
8322
4669
5515
3029
8595
5276
5471
2837
6173
565
5418
1670
5151
780
6366
8038
9995
7328
9718
9228
7943
7150
5039
8921
4814
2999
3669
9065
1491
1553
9736
3907
8527
6895
7493
8603
6226
9188
8929
4096
8059
312
2457
9577
9052
3303
8464
5426
3445
9411
7009
3993
3270
3025
7049
5051
2330
4703
3685
7594
1433
1063
7225
9128
5113
4483
8785
8109
359
8371
5302
5918
1855
7299
9346
9455
9203
5380
8967
1734
888
6219
7289
364
4591
3818
7691
8900
4245
7349
3120
7075
4052
9863
115
2460
4247
7745
524
1915
7290
5751
3580
5857
5142
5442
936
5740
2532
230
7295
788
4351
4780
7626
8988
5830
7321
4857
5863
3410
2369
3621
1672
3109
1807
4010
3830
2622
1726
9834
975
6902
1730
2825
3765
5120
6056
1638
9549
873
1699
6601
9846
9717
553
7028
9780
9391
3655
5278
5424
8276
1956
8028
574
288
1572
6922
308
5744
3240
9231
1862
4467
4685
6079
8584
6251
3233
8571
8257
7655
5577
4217
8190
5500
9464
7548
4603
3130
5866
3620
714
7163
2902
2766
7689
1552
8903
6407
202
5536
5174
2033
3905
9762
7908
6774
7286
8061
26
4798
2039
6301
6009
9905
1597
4829
7816
7544
910
455
8870
332
9488
5988
4800
2538
1019
6654
7822
5591
2808
1304
341
5958
7559
8027
8336
3624
3265
7398
6917
7850
5532
8245
4580
9084
8483
8781
7228
5653
1704
5788
544
2232
5922
4768
6862
516
4848
5959
773
5946
2672
3957
9437
1608
2472
9430
2341
6196
998
4903
1388
5532
165
6990
8233
5226
1360
2686
1050
8349
133
5718
3375
6948
9985
8967
5546
3837
7301
7654
5235
2002
4409
4416
2389
8849
9521
8721
1675
6274
4020
7563
5775
5885
4536
6261
451
74
9665
5335
2975
3984
2151
10
9915
5532
163
1076
9194
6064
6895
8100
8522
9194
7270
657
2174
8145
2353
4714
7108
5242
6575
4258
849
7612
9491
370
670
9236
3155
4156
2812
8826
5925
5181
1362
6774
156
9828
4205
2219
7873
350
1826
6172
6732
708
8782
1736
9398
3571
5212
5548
1648
2837
882
1920
2941
6184
1223
9135
5378
3754
1823
1292
3735
2584
5462
1783
2764
2604
4821
3021
9117
4437
7439
762
3445
1345
2652
6835
7858
8872
3418
8332
5807
2411
7455
940
5643
5436
5691
7200
6033
2028
1714
9236
4862
4360
3501
1905
4424
5097
7774
6130
1748
2427
3184
8367
4626
8831
7489
8072
16
5303
5296
7232
7552
3619
9274
5327
8709
3472
7659
1903
5997
9910
7918
6766
7494
8270
6425
4886
326
8514
9646
4762
6074
8130
8289
8584
4669
3752
7794
1193
2177
862
9084
706
8294
6032
7838
868
3827
7424
7492
6463
4336
6066
9265
2287
651
7574
4753
1109
4080
227
2655
7813
5390
1974
8147
3155
6301
7156
5715
5101
1502
6862
9312
7307
8099
1656
3319
3241
801
3549
9680
7875
6875
7156
3298
5177
5909
7164
6914
5810
1031
6983
870
8376
677
7024
7848
5043
7346
9563
4322
3445
5030
7366
9320
4747
2350
6719
9555
9872
9186
3779
493
9987
7444
9936
1119
6805
4145
124
4753
6941
8779
8113
4365
4970
6615
6789
9973
4245
4626
1321
5511
4482
5283
9617
7374
4321
3718
2778
2454
1940
110
659
91
9035
6962
8758
5437
177
4410
309
2730
2355
3686
454
6839
6588
2135
7347
4667
4288
5413
2785
8852
7376
8225
1912
6774
7791
5425
795
3699
1761
7976
4634
8790
3340
6027
6306
5790
5673
6988
8673
9069
7538
8620
3024
8543
1827
5136
9901
2412
332
9505
9974
3063
6910
6038
5669
8081
9360
7949
8747
4456
7770
5342
4950
331
8370
2916
3925
6632
6474
6152
8119
716
4139
726
8839
6213
904
2263
8977
6758
7673
5934
840
4671
8068
4336
6046
9802
6134
999
3572
368
5955
4621
4349
5034
6876
1458
7572
250
4523
7454
3217
9619
7370
5722
3571
8699
3418
3366
8475
6008
880
2941
5220
2199
4023
754
3356
8308
2538
6558
6393
3348
2113
1127
6987
6477
3786
844
6841
8055
4209
9338
5721
9244
6103
8212
4736
6875
5039
8910
6818
9371
9521
2426
8074
1377
8021
1900
2558
1202
3643
8485
8603
1028
347
8161
2373
7510
8294
6902
3574
8263
1978
6724
4219
1196
6466
6900
1710
4293
6359
9231
3917
657
1522
146
7164
2267
1920
6363
9145
7277
1102
2896
1058
7569
2141
1016
7506
903
666
3876
7326
8525
6640
8586
158
2446
2213
9908
5427
9192
3125
5574
3645
9624
6328
6461
6085
2299
8512
2767
3317
6323
7839
7192
1748
2851
8148
3019
6893
8387
6708
8797
4272
4927
7683
6717
7837
1800
6127
9490
3960
5441
5807
7677
2404
6229
8477
4715
4301
5960
2671
2067
9075
3795
1556
2332
7892
833
2275
6432
6748
330
3871
5846
9966
3597
5021
5791
7257
7294
7771
9846
4870
8253
6732
792
2645
5623
6835
7027
7874
448
154
2329
6141
3155
8407
7981
3169
6925
6854
2692
5899
1919
885
2719
881
9567
9113
9046
9061
5107
435
3809
3046
7770
5163
17
3971
5588
2642
5830
2492
8381
6217
7889
2965
5542
3695
6093
183
5968
8217
8315
7258
5731
8047
9408
5841
583
6485
9631
8469
8696
6531
2371
4573
6144
6332
5026
9634
2107
9545
5812
3871
3564
5950
3468
6608
2760
7729
5663
5626
2431
3770
6392
1937
2522
6317
7541
1810
2486
7347
2299
7729
7308
4887
4905
8707
8564
6078
2408
2256
7345
3211
5446
6172
37
4772
852
3105
1408
4227
29
828
9296
8915
705
3285
1220
1455
463
2329
7382
2653
9977
9856
913
336
2602
9232
5394
7651
5014
8783
3044
6531
4318
2577
114
9084
6521
9364
29
1291
7276
9406
7262
3736
3335
7605
6010
5485
5610
6630
7189
66
1986
595
4999
2804
3882
4523
4465
9843
3581
5752
706
5499
2629
6865
4272
4030
3049
3278
6447
6149
469
6993
339
1076
3272
1885
9905
4022
604
9520
5805
9507
8870
4259
1234
1231
6002
4953
3943
2573
3060
1832
7819
4286
7988
937
973
6715
2059
5146
9045
6179
791
3570
7320
22
4896
7135
2924
1637
8121
1418
8978
4198
1733
627
186
3218
3634
7069
1205
8043
1697
5943
6513
4810
647
8938
7137
3336
3278
7321
820
4252
759
8009
709
2337
8028
6117
8447
8601
1859
3332
7241
9834
4896
4593
8732
4009
7439
5272
6251
6122
3935
412
9947
3896
5103
2816
8706
1563
6509
8492
1217
3248
3354
4159
1639
164
1952
5650
1701
492
2388
9022
8791
616
3483
6393
2196
1965
4247
5768
2482
2598
3564
3638
2854
1570
5971
9249
6318
2551
374
3333
7674
9777
853
7836
194
2646
8369
3179
3165
736
4010
8182
8167
3608
8332
8776
3149
8575
5604
590
5145
241
7445
8125
8596
8259
2254
9722
2188
3477
6742
7075
2780
529
1932
2811
1036
4857
4924
8035
6581
8759
404
3162
6910
7730
3329
7022
9938
1968
4574
1567
4065
5233
9617
2984
6107
6629
2471
5574
2286
8322
7700
812
3016
8573
4571
6936
5770
230
3659
1220
7857
1458
188
7681
3316
5580
2182
5418
4548
5283
3756
9676
3135
7216
121
6283
6660
4422
8681
6203
9806
3614
6639
1508
9630
7330
5797
3923
9950
9076
9727
7540
1401
6122
5400
9536
4336
2391
4628
790
915
2518
5815
3325
5300
500
8490
4479
6527
5414
6256
4591
7776
9296
9549
2307
2502
8118
9059
7662
344
5934
189
4580
8777
3643
9534
6943
4723
6172
5267
9075
7169
6206
571
8895
2980
6069
7241
537
5684
2770
930
2232
1278
6957
4276
5916
5989
1161
8804
9772
8076
6137
1410
3225
8915
9850
147
4244
1182
3937
4292
1911
671
1715
7628
9304
6511
8040
7165
6488
254
9303
1586
4860
4617
6657
8912
5306
3929
9588
4060
322
6276
6340
5928
5279
2966
5235
8728
9154
4368
9737
746
2304
5906
2418
9774
5763
6921
9100
7700
2218
5429
5540
7103
3203
9144
328
976
4153
4234
6390
5547
3971
3976
4827
2787
5843
1205
4919
1638
3963
5929
2798
7502
8220
4198
4886
322
3634
5734
1610
3239
6856
5778
6903
5302
6348
2016
9840
5790
7155
7897
7792
9486
5652
1895
1670
2044
3243
9122
9179
5800
5611
5596
6576
5076
3454
9290
3210
3100
8178
9400
8788
18
9854
7141
9734
2005
3838
389
629
5047
9026
8065
6999
7754
1497
1477
5084
4546
9172
8643
7594
6065
5074
6759
5499
9198
3218
5436
5041
9634
2957
4911
8047
903
3445
1080
8689
8797
9898
7374
1786
2461
55
8624
7476
4906
3150
114
8756
4188
9202
7806
6567
4674
1237
316
4662
2158
4725
502
2542
5092
4322
895
6351
7749
8134
6464
8599
5793
2599
6247
1838
7820
3822
1020
4455
4255
3526
6657
6345
4506
3010
5536
1587
4945
1186
255
1206
693
3164
4490
9999
3987
5565
7249
754
4316
9451
9741
3713
2790
8027
5849
4478
9850
8194
1978
2123
3798
1588
3876
7636
4431
1779
2745
7273
674
7267
568
8661
2711
9105
5497
8042
4066
5869
5026
559
8844
2722
5680
6670
1630
1766
4316
4798
3823
6637
5749
4609
2471
3208
7622
8117
1263
5650
5040
7187
2569
3669
6411
358
1959
1784
8057
4337
1214
9560
8702
813
4848
9212
8626
2844
4717
688
5150
1721
1079
6424
3985
7923
9915
5577
1785
3844
6548
1180
7667
9380
4118
8612
3564
9136
8928
9076
2527
6189
6434
3794
2527
3446
7432
8499
6920
6541
7872
4540
1396
1634
9312
1281
432
8893
5166
9645
4527
1914
7084
2887
2923
9644
5629
4518
9114
3153
1279
4194
2703
5045
4311
641
2677
9336
8471
7465
2653
7330
3820
7536
8981
8750
6572
1457
5146
1313
5974
9142
2246
4805
6725
9512
2409
5864
1898
8152
6651
8260
5863
1324
8020
7436
3188
5656
1229
161
6061
6413
3526
1735
144
3870
9882
6819
5962
7607
3825
5792
1264
8555
8633
1633
3951
6148
8916
1939
5078
9695
7756
492
8903
1546
9837
602
7164
8589
3127
4323
1353
6176
3474
5187
392
7024
7433
3546
9536
7434
8061
2131
2762
7724
1796
6325
2741
3023
4249
6396
1446
4312
7781
1788
6157
6335
6719
8103
2703
1971
610
3605
1877
5393
5691
7543
6097
235
8285
4683
6518
4960
1723
5176
8111
5790
5329
3760
4801
5068
9184
5453
4341
261
4952
7277
233
165
7213
3534
178
9901
7091
2450
4007
7915
8237
2364
1516
4592
9524
4184
2000
5143
3251
921
2840
8211
5628
9416
9057
7685
6287
619
5632
7210
6008
8564
9257
6208
9963
5392
1953
6507
7107
3226
682
7903
939
9736
5448
2759
4673
6567
2391
6443
2337
8039
5465
8263
9115
9099
9791
791
4699
4325
3239
4259
448
7336
6424
9388
3938
6105
6255
9415
5853
8498
7419
3568
5893
6574
1718
4679
5022
8930
4280
2250
3105
4377
3668
7903
3557
7660
283
4117
540
8672
1517
2040
682
7894
8403
5899
5423
6498
1839
6952
9667
3246
2856
3994
5271
6020
2703
978
9556
1794
8692
6727
3229
7151
619
2022
62
4275
4286
5506
4132
1185
9339
6661
7919
2654
2143
2689
3018
7319
3976
4644
2445
5722
136
5408
4767
4902
7147
6661
2811
8114
7519
3872
648
6724
6248
8646
3643
463
5912
8673
1439
4005
2603
3224
8989
6876
1456
5550
4436
3896
7903
2810
72
7792
7786
6598
4325
8208
9162
6303
7129
2435
4162
5821
6084
3469
2948
9038
5113
759
7663
5056
6273
1341
3557
4213
3284
9675
2052
6377
9272
1523
5571
4982
139
9355
4783
1142
9579
8405
2051
1480
9602
2479
8971
3769
9953
3656
1836
2189
4623
6750
7156
8604
1009
1016
6804
3643
8023
7071
2286
5438
5901
834
4163
9730
9895
3529
2290
3733
3387
647
9905
3589
9766
2770
3282
878
5936
7621
434
3988
2416
2104
559
6042
2380
9438
113
5517
13
675
8299
7292
4315
5756
9190
2860
9907
551
2105
9079
202
611
8910
6352
3876
6016
9271
2805
7334
2354
8274
743
212
6909
1478
3906
6907
1693
7305
9074
109
8899
981
6851
9059
1482
7322
3154
239
9901
8826
5151
8533
2084
4544
3863
2283
3931
8514
6427
2878
3095
1619
5004
1472
6082
3605
5772
7671
2880
632
27
4800
1010
2642
9424
2182
1011
8171
6345
4528
7422
5331
8407
4510
471
5248
7038
6584
5051
9607
2239
3538
9247
1253
4735
8861
5686
9841
9026
9609
7110
5629
6817
7548
810
2545
7526
877
3985
9088
544
2762
6342
9583
8751
296
9346
7118
1223
7608
9948
737
8447
6686
896
7708
5647
3666
4079
9403
237
5651
3437
1607
667
9510
353
7259
729
3846
1460
4403
3611
5428
9510
6858
8255
9116
7087
6709
4798
5495
5903
942
5122
9292
2667
7868
8919
267
9408
9589
5454
1463
4654
5313
6979
3052
6820
7098
443
9216
4870
6700
3395
126
577
5693
1856
311
3102
7284
7231
7377
4255
4301
6742
9973
6960
6998
6203
8855
6532
9582
3970
1048
5441
7529
4718
1042
6264
449
3226
8691
5081
6881
2898
4907
8193
651
1396
7054
1101
4795
4254
5215
5321
6286
6376
2634
8152
4873
1288
8502
9323
8439
5998
1776
7797
3646
1768
9906
5978
8542
8915
5639
3362
3883
5868
8259
2072
7246
3347
2204
3190
5484
7168
9167
1417
9702
6449
5391
298
2192
5624
3851
7342
316
852
6143
2910
4983
4303
1873
9663
3933
8147
8207
2889
4729
2508
325
4818
5532
3951
9632
1146
5028
4508
6889
5965
5559
2237
2406
1201
4493
5230
9131
3752
3306
9188
4359
6057
9034
2196
2542
3146
9859
2173
365
8846
6246
7845
2874
2883
9120
4579
8261
5203
6587
3840
5288
3191
4303
6021
586
7439
7175
9682
7031
5370
1300
2710
8205
156
7689
3524
9405
4684
8819
5421
438
3003
4994
4149
4927
8600
2302
6200
865
3761
9801
9306
3045
4737
8481
2036
9467
6007
2637
6041
9188
5000
3563
41
3571
3329
8106
118
787
947
4829
7904
779
3765
516
1749
3220
6595
3407
3730
6702
3105
8
3314
1508
1855
5310
8008
6668
8685
7067
5958
3625
3544
935
8803
5724
615
8168
7358
5966
8701
8056
1326
7293
7046
3434
4428
9974
5138
6865
3176
1564
1188
8959
6316
8582
3892
7058
2573
5955
6253
8058
5965
3565
7222
3974
9577
1320
9076
6754
7643
5699
6646
656
7711
141
7885
3192
7379
520
7557
7951
4389
827
6379
7571
4709
7437
9058
5651
8355
3564
8891
216
8802
4351
3665
7984
8728
4587
3864
4101
9350
9528
3799
9352
6122
9489
6715
6770
7723
5105
2595
202
5266
1251
5530
7854
4521
1408
1915
4205
2118
917
5964
7500
2878
8270
7702
5267
9467
7865
4125
8752
2312
6603
1775
3701
744
4867
686
9047
8222
9366
1964
948
4248
2581
530
486
1786
4012
842
8860
7065
8984
9732
6621
3492
4970
1567
8641
737
6561
8304
3910
9110
5460
8743
8808
4288
8113
5465
4210
4170
9994
8223
8399
129
9833
6966
5805
3858
7883
550
9964
6865
2838
7704
4494
3116
2892
3338
2299
6610
9941
3464
7896
3557
9011
7274
4295
8980
8853
645
8646
999
7101
9135
3447
8608
9679
573
2657
1505
746
4015
7422
9641
9586
2678
3771
4915
896
7052
1879
2007
4401
401
9531
3434
5479
8046
819
1391
5700
8555
5475
779
3082
9439
550
6496
3775
4296
8928
665
4515
7480
2483
8611
172
6431
378
9819
7870
7173
5689
2679
7333
3708
4424
7563
7201
2182
6742
394
9691
1382
898
6317
8293
1477
1637
7194
1773
6684
8366
8630
7069
6562
2667
7609
4264
1908
1666
9814
3620
7276
2340
1151
8401
6230
4486
6731
3308
2052
7654
3758
750
8156
3928
3639
3688
7750
4881
9893
149
9538
8356
5601
4811
7096
2593
3960
8399
7203
7191
6167
867
4915
3181
6120
5350
5957
6005
3940
4136
5316
6479
3786
3418
8942
6133
4603
2442
1294
5141
1049
4765
1099
4621
1187
2021
1145
7673
2999
2141
8727
1636
4016
5842
7454
8728
2958
1994
6279
3929
5938
8791
1799
8229
1594
3740
4575
5301
4909
7191
8854
7525
2503
9456
9157
5024
484
5354
8703
1960
831
8088
7640
4486
7055
4403
6513
7799
5512
8945
7140
403
5963
9420
9772
3791
8667
1539
4689
9500
5417
2241
5562
3860
7740
4795
6941
1146
5815
3991
2603
6602
2121
508
1963
3607
7636
115
8755
1127
5896
1523
3778
1221
4296
5219
7059
1943
4042
5690
9198
3999
3406
3255
3159
2464
1818
4085
6324
5431
4159
3749
6634
4769
6261
8738
2141
1714
6448
9368
3865
1525
3191
1851
1413
2411
7700
4175
4017
2233
4593
8428
9754
9652
611
6456
9746
408
6003
4473
2219
3631
3844
5602
8555
270
2176
4829
4625
7660
3193
2645
2413
4793
1400
780
1121
9823
6020
9657
123
7745
6576
4579
6255
208
4586
1918
3630
3402
6298
9060
9748
9537
871
6486
7576
7019
9447
8741
3299
6419
973
5193
6234
9311
8061
1758
8073
958
8557
4634
1772
2107
2227
3240
835
2627
2131
9575
3879
7518
4554
1766
6115
6385
2735
5859
4017
8211
7519
5503
7103
3585
2135
7610
3525
5639
3655
4285
8647
3850
9051
5022
9290
7639
4129
705
7569
900
2841
1513
904
2023
3259
1612
6816
5067
5512
1127
7596
8680
417
6655
3079
6912
4011
426
1392
7723
6182
2591
1895
4682
9178
9372
613
7523
1089
9721
254
5508
1789
2509
650
1633
9010
3995
4454
7073
3331
9980
5261
8056
2539
3138
4962
7200
9026
6986
9238
2867
1909
1267
2985
3413
1695
4506
5214
9809
8895
3542
11
9480
6710
76
4314
9215
8283
196
4445
2115
1763
3725
8197
6056
7786
7878
1742
1495
8201
7023
9165
4438
8473
4817
3835
2027
7159
7682
4928
7688
5327
5532
1772
7528
7460
7151
1517
6173
1853
6629
5762
7736
907
6605
8192
9022
741
8330
6881
9452
1209
9237
8792
8018
3413
6753
3373
6637
9581
3587
2040
3843
4237
9565
7901
873
2957
9517
9532
3721
3038
1419
6481
6514
6002
8873
6105
9527
814
595
2107
7299
4000
5851
8083
1936
7098
8220
3640
8409
8772
6866
5045
8941
4978
2000
5889
2491
1865
7515
7183
1300
9257
2149
9819
9784
5460
2042
7572
2517
8122
3193
5027
9399
9939
3606
3961
8513
4438
8749
7682
9895
2839
2891
7732
767
8406
1882
6619
2328
5129
8246
6942
1993
6313
9163
1141
5745
6918
5381
7951
4569
4493
8556
7615
4423
3708
743
4004
908
9375
4750
3099
1310
1644
7850
3006
2450
1523
9796
2814
7857
1717
4885
3347
3441
2875
992
998
612
8301
1684
9640
7651
8017
1651
7005
656
8943
2776
1700
3829
5261
1988
5394
9492
3917
1024
4858
3885
5751
2322
7527
5370
2816
4666
4913
6005
2353
5472
1454
2809
6997
9648
7597
7666
9900
9441
250
9859
5084
6408
8527
5027
8313
5513
5630
4183
4666
7643
6123
21
4824
2050
9884
2994
4094
3228
5417
7455
1121
5757
4720
1215
6126
4661
1591
9765
6431
5558
4800
6382
2113
5529
6531
476
6538
379
5305
6209
6876
5435
8890
3917
360
4994
6196
5623
1414
8383
1919
6039
2518
1584
3411
6652
8826
2326
6494
8309
426
6572
4061
6467
1934
8707
1339
3039
8904
7310
9420
6517
9432
1767
4176
4611
2431
9402
1901
3891
834
1325
4053
2515
780
5163
9962
6316
9078
4270
2127
7323
2589
1734
1637
3640
7029
4656
800
2291
9204
5192
270
4318
6992
3811
738
1227
4748
1883
7173
9573
5878
1691
2335
2241
9216
7142
3041
3216
7984
4651
7080
2633
1412
3317
375
2023
2319
2120
2297
4389
2852
1781
3676
9348
5283
4082
58
2355
6307
3623
1043
8455
4593
6132
6010
9292
6118
1438
4760
4205
1121
9719
2674
8587
3704
2039
563
3464
1511
3254
7227
73
2105
4562
623
3156
4842
1711
3474
4126
3489
1115
2181
3177
6844
2289
9040
4424
7318
6338
4106
4253
1588
546
5724
1014
7859
4704
4059
3509
2161
6396
8901
8532
176
3091
9999
3995
2853
3758
8491
8237
8167
189
1455
475
4424
4304
724
7417
9730
9208
4320
8093
6137
8762
9002
4341
6436
2319
8709
9259
1438
1180
7042
707
2093
8176
3565
126
7920
3462
6898
8426
4691
7467
6382
4094
103
6559
2453
9471
6659
6448
9424
873
6250
4663
5401
5568
9675
8315
7090
6640
2192
8572
2352
7708
3643
6500
7218
7063
5171
1383
1683
8990
4887
6540
7004
2059
1854
3318
7713
9295
8674
7194
7941
1548
740
242
8509
5249
9740
8230
5496
3845
9884
7990
7832
6239
3521
6114
956
9845
3902
6851
3730
8719
6786
3148
5019
6891
4426
2237
2284
3817
6779
7392
1643
1638
7916
8414
1318
9886
9748
6170
184
8551
1855
1167
9580
1454
4497
5643
1802
148
2314
8822
9608
1593
1640
8393
4821
401
3571
1666
1857
6770
7097
8649
9393
6368
7995
8117
6051
2697
2489
8586
4669
5734
3581
5113
1192
4301
8649
6762
6124
1350
6310
129
9856
8843
6789
3038
8855
9229
3845
4010
3258
2043
3384
5368
8370
9038
4083
5455
984
3142
6059
5487
9356
8747
6311
9132
6292
583
6099
9760
8786
3968
6002
6468
9954
8278
2513
1864
6809
4313
4287
2681
6821
9924
2162
9091
1594
5081
624
2750
3374
7521
647
656
226
1108
1149
1861
8493
7376
8630
9960
5472
8907
577
6171
842
2991
1134
3477
4244
7638
6500
5310
5032
8099
9571
2999
5916
223
4527
6400
6407
7643
6822
2759
1199
8961
457
2738
7911
4666
6242
4351
1914
4437
2782
6451
4490
9990
6044
2174
1516
4330
6495
2962
2064
8205
3118
2763
3166
1793
4307
3953
7096
3207
3357
1563
2376
5483
2077
4950
8855
1732
1651
8625
2998
4863
5884
9978
8454
7838
744
9740
6340
2945
1955
9892
2282
8650
4952
2422
2689
7231
7711
800
768
1396
9429
7834
546
9749
4459
5636
9908
3248
665
3561
7035
8781
4067
5885
184
9255
5758
9068
3133
9221
684
8240
8681
7970
3401
9120
5050
8925
7192
3363
6119
7209
7051
6874
1420
4658
1594
9806
7169
9275
6406
1284
3020
9664
8069
5826
7548
908
3924
9097
1951
7329
2906
3490
8302
5148
2982
8499
574
4919
9563
8955
3882
7471
4150
972
6094
8334
1654
2207
691
6541
6319
5185
4547
2936
9009
6516
9096
7279
2123
8031
8987
3540
2704
1436
5303
3022
1347
5483
7128
6690
8812
7092
6165
4379
1837
3677
4110
9951
9057
3512
6332
7219
9472
1639
4681
5690
2010
4749
6003
7086
9931
2561
8973
1788
9037
3621
8084
3752
1355
2131
4715
7998
5952
4647
8082
4555
9924
4224
9262
116
5052
6664
1042
9967
8063
7299
7144
5170
4380
6367
5257
1973
3365
1943
6204
5183
2523
4510
6605
2980
1896
2757
6982
6996
7806
9049
7019
2721
4105
2088
4321
4908
8814
9274
3215
9905
1325
6862
7145
8582
377
7266
8001
1258
5805
6260
1494
2538
6560
6439
8829
8865
7002
172
1789
7097
7260
9767
370
1690
7007
2878
4839
8257
8375
6452
6442
3323
8565
9831
8679
6068
9925
73
2528
9089
1860
9940
7046
8906
4512
3806
9178
9275
8263
1578
3081
433
9275
7168
9101
234
6811
4099
7333
7156
5483
3680
123
24
3931
3367
1195
1045
2658
31
5389
8236
404
1697
6196
307
5179
9621
4711
1474
3827
8829
6292
7432
5607
3243
6088
7273
7519
3286
3832
5235
1825
9708
2348
4905
3652
959
40
9690
521
7429
1654
4163
1996
5440
2530
3238
2660
3950
4697
8042
6199
7334
4534
9698
6443
7205
8424
4283
9719
6290
3810
6294
6688
4614
2154
2157
5728
6429
9854
6086
4560
6786
6003
8231
663
9561
2442
6089
2773
793
1694
8369
2801
7875
9442
1730
8135
9028
5320
6203
7071
5621
6563
6117
8220
680
3226
3927
2386
4993
8443
2913
5193
8938
5765
366
5645
4051
4604
7109
4189
641
2544
1157
998
3398
768
860
3874
3038
7537
8382
895
4557
6989
3407
6366
8068
9163
3653
9353
6859
8614
8493
4
3085
8763
9558
5878
6892
2484
7597
6557
1838
27
3324
2131
7351
9072
8653
5010
5128
4800
2842
103
8659
8586
7218
8315
4721
6781
1065
808
2037
3509
744
6057
3385
7166
2832
4374
308
1387
5305
796
7163
5363
7251
7563
8201
2884
2541
1099
4699
5178
9978
5968
1502
4519
5125
8353
9258
3168
354
1395
3182
2636
7540
5451
1225
4263
5534
5323
1648
2039
9787
3435
4872
1703
6571
6606
8063
2213
53
8751
5157
9032
4129
1353
2901
5407
4813
5350
4549
4307
5654
1434
9367
2102
3684
5854
5843
755
5669
8390
5078
3833
6830
6997
9852
3332
8809
3823
8179
7324
744
2067
8974
7271
8113
3731
9653
8375
4131
4253
5377
5587
4573
8330
404
7842
4013
6155
6186
4037
5503
3853
4260
9104
5610
8101
341
5002
791
5601
9899
1269
4133
4695
7796
3084
7948
2171
9864
720
2388
9543
8335
9646
9225
5492
9447
3779
7553
1798
6010
3116
7243
758
7468
3644
7927
5007
5173
6814
5908
5281
9145
336
5382
6673
1643
9771
3887
8038
1782
24
6260
9379
3504
531
1857
8555
6849
7726
4481
6321
4300
5933
4782
3089
5823
9481
307
2176
8265
8730
9499
6120
3114
3508
8432
6161
6707
6852
6486
3127
3203
2817
4879
9237
203
3067
4714
9318
1839
7298
7693
7588
5803
3779
208
4806
8938
826
6969
712
82
7817
2925
5019
4317
1806
9416
1690
4454
4863
5083
6255
7244
6771
9149
8480
1398
2808
8968
9467
3185
1061
8362
1495
9148
5727
4344
2184
6414
4014
8271
5126
2356
9636
9688
4772
4145
1947
1935
615
4114
6852
6963
5064
8466
1906
844
8456
8885
2135
5516
3770
8280
9515
6816
6498
9438
904
5326
8439
7723
7444
7460
724
4795
7489
9869
5048
4528
318
100
8377
320
771
4107
2677
8619
4361
7247
6474
6474
7264
7401
204
8481
6102
4684
3646
2051
10000
3465
4683
4480
7428
2129
5279
2858
7814
6472
4640
3194
4652
9208
2612
8412
7074
9419
5902
7275
9004
3298
3239
119
1719
2473
2360
632
9703
6956
9517
1461
3558
4721
6107
4019
367
2808
6962
735
4964
3460
3437
7070
9156
3030
7735
5107
3539
9341
8502
5042
293
3982
839
1399
5228
9993
9374
6110
4811
1650
2106
8299
1549
9989
5932
7246
3360
4897
610
2886
2285
8421
406
6669
4394
9021
7744
6621
1985
7407
2781
3818
5553
530
7002
3331
2907
1161
4717
3532
7732
1636
8027
2109
2123
4915
1211
1530
5686
6154
3869
8407
5976
2576
5163
2537
5570
1543
2782
3978
4627
2029
7842
865
7246
8010
5463
4309
3317
9332
4190
6423
8879
5424
5234
7766
7542
2770
9470
9310
7679
2253
3546
6784
9936
1217
5418
4756
7013
9611
749
5256
6047
3393
2759
4676
5341
9101
75
5621
4801
8603
9545
1318
740
9582
6289
852
9513
329
176
3460
8108
3283
7382
6981
6613
1780
9488
7086
3717
5298
6870
3838
3115
7914
2981
3517
2661
4636
8823
9638
4445
9270
8919
1170
1212
6461
6485
6616
3989
8833
1556
3544
990
8548
2630
1212
7438
4876
8114
1535
6512
2952
8368
9208
6828
3118
4094
7204
4649
2068
9142
7954
3116
6899
8421
7064
8591
5291
9231
8519
2335
3082
8529
5612
151
8562
179
8176
9441
9601
7998
1491
8239
3532
64
3140
5401
9274
8361
6009
4409
2278
739
3275
851
5531
381
9260
4251
3437
7695
6099
7512
9976
5162
4972
7392
8434
8927
1676
7413
3524
9836
8817
8865
7359
5856
3054
5320
1290
6138
4677
5015
7073
3435
2965
2170
435
625
5518
8019
830
9239
5707
1453
7765
7305
5388
217
5744
8277
3869
4285
3891
3105
237
391
3160
4770
7004
3227
5201
3584
6233
1664
723
7634
4531
5515
2550
9564
6373
1684
5741
5849
7103
4484
9460
9529
672
6932
4177
3324
2453
8698
6166
691
7150
976
4020
663
3222
8226
3700
1862
3116
952
2274
1411
3448
7236
226
8367
8850
9314
9713
6598
2987
9185
7084
3562
4637
2013
8677
8152
7055
3062
2499
180
1113
8901
2978
8446
5141
1319
41
7936
6724
1896
4434
8367
1648
63
9171
8867
3593
5080
3505
6155
3286
9564
2221
3721
3761
1801
1842
8360
5404
4548
727
7580
2406
9296
7705
1282
4037
9211
1695
8479
1744
1775
2800
8499
6387
9698
3282
416
3818
6962
1252
2174
7512
2580
3158
9875
5364
6999
5284
9044
6825
1421
7457
9517
4792
1426
9095
8985
6202
6067
6080
2051
6505
9002
7980
4013
6751
4844
548
6366
9189
9534
2975
5830
6872
9775
5831
3274
7317
94
8423
9438
7048
4519
4698
9467
7820
2063
8566
4567
9730
8961
9731
7952
5980
8931
604
1177
4292
1106
5299
4189
812
6320
9831
7111
2331
6688
8301
3181
6926
549
6726
2361
2077
6446
7831
1350
2321
7606
3133
5084
208
4307
295
4074
2217
8953
8955
1617
1258
2214
9406
1444
7125
451
2280
4301
6320
8131
3954
2420
3520
359
1948
7012
5571
4156
5640
1111
9925
2923
7962
2774
648
3926
3378
3610
106
1423
7578
2676
5186
4278
4183
5865
9344
8417
2890
7182
9777
9486
2014
3651
2178
6086
4473
1417
7393
3729
9120
2026
5988
6432
6523
6337
3521
258
3951
5409
1431
5405
7271
1010
9725
3358
9136
1061
253
2447
219
1608
4514
4109
126
7004
1645
7684
1086
9211
8402
4189
4077
4432
6530
4069
9952
4841
5673
9775
7352
3561
4079
908
4748
4633
8755
5783
6577
7022
8920
8423
9986
784
1277
859
3852
5684
7319
5268
6289
4323
6579
90
958
9726
7982
4671
5026
1194
933
7103
3601
6545
7751
1527
1537
2676
6868
697
8523
7292
492
2986
6380
6862
1073
3949
1855
5440
24
8134
1231
6209
9623
869
4825
2535
8874
1969
4716
9500
830
9545
101
6271
5771
8204
2372
621
7666
6337
7650
511
4778
2921
9314
2161
4080
8221
4934
3707
8726
3965
5639
6383
2008
1180
2827
6419
8134
3146
5666
3640
7955
5842
5980
8699
4141
126
3356
8357
1496
2430
1142
3587
3796
5621
5625
1968
116
4276
1757
7639
8890
3974
5406
6871
7376
8431
2013
665
3163
5825
6865
8608
1587
8432
8830
3602
8380
2367
6576
7649
5361
9323
9859
3345
6154
9384
4254
1454
9436
5830
5206
7944
8804
6750
5607
7781
5259
6519
4906
7897
516
8188
1993
2346
6070
8904
598
4524
6026
4494
6212
6786
7675
6813
9141
8469
3848
2143
8515
6438
6866
6607
3895
6665
7134
6259
5584
4943
424
2454
9560
6190
2910
3458
1103
6719
2981
9880
7331
5675
8359
1882
4270
7258
1768
5100
3537
8554
5382
2958
384
3889
1814
7336
1391
9930
914
1262
5940
7829
928
3283
2037
9835
7368
2744
8598
8615
1487
2148
1060
2194
8892
846
4404
4559
3167
9283
3717
3079
7429
2494
5787
5594
4553
914
923
2763
4222
5670
8322
8366
7287
540
5372
8115
841
664
4113
8147
2699
3637
6222
9718
5678
343
9446
6170
3995
8878
3541
1286
3270
3009
6838
6816
7597
2736
6096
1103
2595
9791
4659
8049
6528
3620
6912
1600
6355
2036
424
6693
208
4447
4882
3080
5946
7226
3926
8186
1111
5099
7118
5075
2741
4050
6482
3704
9682
6922
7913
8097
8850
1231
1243
9632
9364
3339
8279
5491
2484
5488
5839
8707
4855
1151
3854
8025
3593
5735
5411
4738
4621
6455
1112
7874
1211
4650
76
77
161
5275
1406
8492
7606
4058
164
4384
2587
8683
4089
4739
7686
7361
5600
2794
2197
7218
4380
6526
3731
5702
326
5499
9635
3027
8372
7636
2306
7437
5955
2346
5978
2994
2750
5472
2137
9657
795
1254
3744
6426
9384
2599
6799
6003
5414
5636
5823
7061
9846
5452
3412
2176
5584
6107
8132
1195
2354
984
7615
2473
3467
5542
6800
6534
6911
8259
9699
2319
4130
5777
3934
2857
9842
9272
5791
5936
5876
6979
478
2075
6548
7991
2886
4941
7658
6203
1923
7127
2153
3101
6923
1454
6700
6737
2056
6019
9366
4985
5103
5731
330
4294
9056
984
4802
4516
489
5303
6211
7761
9366
3248
9892
7614
1689
6974
429
1060
8631
1185
9330
5088
4216
1177
8738
2664
9252
1555
1681
4997
857
1124
1859
9230
3078
327
6588
4784
7893
3053
3791
2744
3302
9777
6849
1195
6098
5525
3594
6224
1472
6843
9967
6078
2864
7626
1538
3957
512
9198
6753
7680
8286
3904
3763
4378
5038
612
2469
2859
3735
7945
4323
4080
6001
7870
5610
5072
8348
8609
2878
5840
8306
9314
1938
3352
9077
974
5280
2201
7335
9396
6875
2052
3449
3139
2869
8746
185
5010
6411
4574
1618
7892
5839
7119
680
6059
1398
583
4888
2806
2230
1471
3934
2694
8250
6929
9753
9538
9765
2334
504
2460
9037
3654
34
6871
1490
1534
1307
465
5472
4737
7995
5253
9384
5422
6588
4462
6108
7276
1027
6546
5766
1203
8803
5013
5198
4377
1863
2598
5745
3968
6314
9010
1986
3991
348
3537
5783
4117
938
5458
4338
8578
7304
5664
224
3375
197
8800
4594
4642
158
4842
1899
2926
4495
3978
5244
6502
3148
7802
8777
8573
3967
5246
4783
814
9401
742
6856
5657
7713
3935
5238
7353
6173
4070
5975
7831
8389
8698
124
1395
3876
4219
6371
9279
2447
498
6616
7114
8346
1140
4576
2189
2112
6247
8440
9322
7057
8275
5982
2366
44
4980
1974
4894
2709
9896
2295
982
8224
1231
8721
3916
9524
6980
6559
1313
2457
1890
357
5212
6086
5962
9188
4162
1279
1952
2920
3830
7600
4789
4327
7455
4994
956
2830
9455
2594
6641
1154
5309
6543
5063
7427
1185
3582
3863
6302
8619
9053
4219
1489
5709
1883
8088
1835
1445
9844
8596
9381
8340
3816
3114
617
1876
419
2324
4143
9883
5545
4401
7589
8258
9274
496
7349
1293
499
5463
3377
7692
9104
3307
4869
854
1218
4430
2737
8823
325
550
9697
3794
4496
7374
9902
6061
2702
53
476
5992
7257
5947
7599
2486
5048
6105
8411
7370
9876
7222
5142
9754
9930
3167
5719
5131
9792
5415
11
7467
1536
7334
5362
5460
9792
3817
8560
2681
7983
5704
2548
7205
6544
6939
4613
4692
7746
1491
9936
6805
7235
5449
3428
6212
8522
4780
4290
8871
4240
4534
882
1721
3753
9187
2950
4480
7503
2766
7172
3686
7164
4021
2271
4991
5094
9954
7457
2239
5051
9592
9473
3584
7335
9190
3489
4184
3493
1650
2662
4622
4687
5023
8881
7339
9459
9951
6653
6627
9354
2020
2489
5890
2246
6561
7845
814
8864
6226
3279
4209
259
4721
3598
3156
1184
2185
3783
8878
7972
2253
8508
5464
9863
5338
5460
556
2891
4291
8346
5560
8827
7431
3421
7350
8730
8883
4785
1013
836
2922
5560
6818
2880
5493
7994
6200
2904
2186
9826
3975
375
345
9024
8978
46
2105
3832
3580
4976
8062
7912
6115
3593
1608
4804
8597
6685
2017
5637
114
4239
3966
2905
1458
549
364
9421
4431
4759
2735
1304
8610
9769
1067
5189
2672
2009
2418
70
478
2759
504
5603
1745
5460
5216
6070
2233
598
9250
6714
11
7563
412
1492
9972
6500
8689
36
5912
3398
4404
5946
6016
5876
7158
2863
184
7306
6076
1880
1699
9590
6720
1088
903
2767
1375
8960
8825
268
5729
9998
348
2609
8614
7314
1604
4675
6732
7283
7092
5616
8449
7215
3498
9600
9736
7668
3412
1633
7987
455
7888
6298
2162
2652
9349
4555
2142
1755
8068
1381
5664
5471
1655
5455
6046
5497
4949
6004
4205
3411
7505
9734
7011
7018
5122
8761
3741
1617
6924
4281
5950
5990
2665
2796
687
7965
2180
6463
4226
6117
9440
6100
2115
7561
7175
3304
7886
1602
4678
319
124
5385
1393
1870
7350
3043
3975
1485
3326
8951
5742
7430
8308
9629
6900
8970
9360
1491
1153
5456
5928
7467
9790
3417
1873
2890
5845
9728
6567
6075
9492
8553
5893
8217
6579
8125
7104
6434
8448
134
818
150
216
189
6571
2333
8031
1840
3756
6752
6805
1471
370
661
2527
8417
8420
1833
681
6624
6706
6708
2857
8345
2128
1214
8452
5446
2038
3010
2600
2041
3023
7566
7353
630
1744
1267
3829
7955
254
5179
260
2182
540
1872
5551
8844
1928
5818
9124
3056
6742
1902
7
3866
9511
3855
4728
2622
6098
3829
3497
7504
2201
1849
9289
4038
1046
4515
3150
421
9677
1127
3435
3324
730
5754
7805
395
7938
4862
5202
3165
3537
4762
7252
2610
8276
6017
1353
836
6504
6639
1098
5311
9469
4702
5966
9549
748
9048
6171
6196
6424
3988
7762
5760
9512
8949
4105
2920
6962
9078
4888
6074
7616
7540
2582
7230
6067
5657
186
596
9593
184
3146
3867
2749
8900
5299
3687
4164
7287
8866
1803
773
4827
4520
4867
1679
6377
251
2918
3813
5952
2375
2497
1029
1006
1122
1909
6197
4078
8025
5606
3103
4399
7896
1319
1166
3721
7507
7973
4071
9413
1786
2463
3052
1665
2780
242
6490
7286
267
1444
5296
7578
7621
4049
9032
1283
6656
6908
6143
4475
9183
6693
9578
7728
5581
3491
1451
1218
2017
568
6058
7645
2745
5827
2606
4629
110
2922
6081
4115
8250
2033
2200
8321
4215
7497
77
5934
6127
8723
1077
463
5803
3917
4266
6539
8542
7903
19
2740
1869
5878
6745
2125
301
341
583
1910
8272
3117
4968
9007
1802
1677
4604
8370
7822
8533
4087
4909
4727
8683
8787
6505
9619
4998
2510
2061
5495
5959
5884
5911
160
4663
411
3889
9390
7001
350
9953
1828
3242
6430
5301
990
2798
5267
9045
643
5700
3447
5152
8869
2484
4814
6589
501
2100
1741
3000
1666
1021
1059
2793
2996
7795
9498
9130
2317
2970
7335
2336
6835
1355
647
9618
7150
3081
2861
4665
8311
5833
4759
9849
2974
6625
3082
244
540
6180
3552
4484
3870
9118
4572
8193
3897
4339
263
6809
3174
6863
7376
1082
6759
5979
515
4939
9616
2725
9484
9535
8787
4970
6322
8727
7752
933
6748
8931
1875
4560
9073
3656
2709
2302
1443
3450
6247
4267
6529
5274
7180
3301
6343
6745
5364
3450
1821
5625
1186
6522
5940
5558
9709
3866
5998
1094
6955
4782
1164
4609
8435
1196
2885
5490
5979
5330
5460
1697
3174
4198
1196
5538
8860
1411
4918
8913
456
8001
6314
4613
4525
9507
9662
4417
6045
9832
9210
5302
7545
1615
3758
1286
2328
9501
7860
4890
6073
8684
8196
7008
3375
7835
9043
6448
6884
4675
1323
4370
8909
3863
8381
485
4694
2651
496
9442
7348
5379
5974
2582
2958
9918
8962
8357
2976
7943
4599
9494
5010
6313
5961
1169
1104
2135
8331
9805
7932
7127
2312
6534
2492
5588
7838
7294
5976
6343
9647
4560
9670
594
7451
6348
3796
8666
3113
5808
6463
8675
1757
8666
8837
1796
2249
7945
6558
4611
6723
5980
5562
8187
3133
645
1189
309
1075
3368
9801
571
9601
3230
6491
8756
4230
9117
7272
7355
2896
508
6931
9952
8161
359
9573
1119
1299
8213
8216
1811
8757
6075
1120
4595
2952
1539
6041
9255
9881
9684
867
3335
2263
813
3398
4679
1949
6208
2994
6154
5225
827
5621
8405
4465
3058
8397
5950
217
3833
4084
9749
4363
6382
4505
5084
8072
6773
4124
1479
7591
62
8735
3753
3967
6967
7294
700
9918
2513
8152
7022
3112
4405
7119
1947
2947
8260
5658
6737
5577
9183
1404
222
9838
2974
680
2464
9687
8082
942
4166
5829
678
9050
5467
7985
8160
6501
7601
9927
3725
9178
5970
6169
8240
2778
7108
1451
9762
8269
8216
3914
2543
499
6286
2089
1160
914
6477
5368
766
7210
6290
6848
884
7803
1242
5557
3743
1814
6546
6713
4267
6053
5600
2441
3954
101
436
7818
1970
9327
6766
1646
6693
1009
3591
1872
5941
4154
6591
7097
8285
3062
2915
7910
9263
9968
4034
8577
18
6736
1787
6888
4732
8238
6823
2695
9927
6877
1083
3353
5073
8118
7540
8467
7827
6807
8197
7008
2367
6508
3378
1791
5581
4205
248
9621
898
5277
8346
1013
6372
2571
644
725
8155
6551
2458
7639
4169
8376
2807
1802
5067
5126
8051
1436
6934
9126
8028
4470
4219
5841
5900
9582
3135
945
6293
6602
2405
2154
9926
4950
2557
7637
8323
6228
3253
5595
7982
8390
7031
1268
3422
9866
2893
3487
2177
9349
9379
3655
3521
4953
9959
1879
2604
9832
9821
8276
5459
7949
6105
6334
4809
711
8121
9466
7672
5053
6866
2803
3476
473
8868
5615
5925
6338
3329
5899
2158
6919
3308
8381
1974
4324
9747
7178
296
5222
2369
231
3455
7846
7816
8878
2609
3118
5980
6260
889
70
6463
2941
923
1845
1201
9356
4994
3832
1861
1782
3660
1377
456
9463
4796
6861
6358
418
1801
9961
9973
5364
1458
1096
8686
8838
3175
4929
2593
1811
6448
9154
8976
1928
9563
5588
9145
6482
7906
1163
1207
8195
5519
5814
8256
9573
1652
5102
6395
6034
5727
2382
7664
8078
6407
463
3694
4267
8926
6028
9139
2035
2479
8201
3392
4369
103
7345
1437
4586
8832
8075
3491
2357
7090
5434
5165
4257
4186
3753
9589
7326
4956
9689
3153
6474
1989
4692
5099
6590
8795
8800
2525
8088
7887
4300
8250
7182
1811
3365
9254
3536
213
8530
3628
590
2505
69
9797
2426
1281
1286
8499
8293
6289
6687
1092
3539
7395
2717
3829
939
2445
3571
5028
5492
2490
5000
3449
1951
7858
4576
1604
4844
5947
7538
7234
2897
4920
3888
8178
6902
2465
6210
9750
5353
3199
1093
642
7766
8466
2560
347
8157
4927
9718
1899
582
8909
5090
7371
4143
5700
1446
8392
2310
3646
4765
2703
9793
8692
2000
9512
457
422
2483
2071
7116
2185
4866
1220
1537
4873
1016
6652
4766
6198
5398
951
3688
3457
7069
7352
5995
2250
5437
2705
9858
6372
1321
1005
2331
9182
673
9052
4542
3585
4698
4299
3619
4347
1375
2777
3945
9961
3348
5724
6764
1791
1651
3745
1395
741
2842
8814
6138
7233
4813
2012
5374
9905
2611
8239
5523
142
4376
8342
8087
2973
9413
9482
8141
7682
1381
434
7467
6942
1388
38
3400
7694
648
8571
3599
8583
2804
9925
9980
5669
6090
2076
9254
9166
5646
7340
8217
7405
7929
4972
3009
9870
392
2479
6348
1437
1091
1457
2902
6948
5992
2010
5751
7755
8291
1935
6625
2258
6575
6207
6594
7801
7638
3431
865
2956
1494
8962
4931
994
9028
9322
582
4860
7654
4708
7413
9695
1440
1976
5609
9951
3655
9595
7690
5403
218
1657
1411
9158
2724
5902
1480
7488
4710
234
9547
4459
4177
6235
9344
6731
1466
6588
7236
267
2485
3914
2340
8951
6419
9535
536
7080
1852
9022
4393
2877
3067
1031
2655
6511
6575
7550
3374
8632
9932
4502
4041
1239
8326
2441
1591
5405
8722
8780
9390
6651
44
4326
7383
1496
1147
5834
8519
4668
651
8761
604
2489
1746
6179
4841
6581
6491
7310
9543
9124
8482
4356
1658
6821
6972
6340
5762
6099
8948
3519
7741
3837
7193
4893
3758
5386
6826
2266
4802
2967
2874
1557
6793
4338
9006
4475
2539
4765
1896
4796
2288
5227
4857
6053
9173
2189
481
5583
3035
1636
5458
2269
9772
9460
2366
5559
5495
8282
7208
403
9751
612
1093
1164
222
1441
8565
1003
1919
929
2479
2076
7130
8958
3028
6548
8879
7568
2205
6843
28
2812
5782
7425
1934
939
7477
7473
1403
3943
7741
9311
8312
7753
91
8132
5605
82
709
9131
9585
3047
6046
2773
8699
9739
1253
1525
6173
6280
5214
7106
7924
5919
6968
8036
5279
7379
2723
5291
5671
6430
6918
2379
5975
6042
4665
963
6673
6986
4477
1001
9449
6964
679
1842
3643
5656
8640
5808
2447
6687
6794
9760
8010
4084
1042
9621
8688
5853
481
8574
157
556
9386
8123
6568
6865
5594
3268
7929
37
6091
5531
4638
2361
2323
1062
8497
7145
5423
8353
9524
3631
2003
4342
5278
8145
4872
8771
8886
2250
1512
4532
4783
7905
2599
4736
3704
9972
4588
5381
4207
5429
9044
1426
3044
2095
885
9202
482
6180
4811
5897
8094
251
9648
9133
3440
7464
5419
1358
1722
4344
3385
3440
1685
2418
2922
8957
7841
2017
1409
8346
8736
2888
2376
2003
4623
9412
8289
5275
4469
3268
1652
4650
2024
335
8209
3680
556
1488
2998
3264
2483
6377
9332
1172
2473
9647
2382
7586
4819
5938
9449
1578
8300
4284
8173
5060
7200
5024
7528
422
9550
5456
9552
8871
3508
6940
4813
715
9947
9538
268
4396
840
6692
4443
4370
8882
5348
2426
8264
2461
1662
1512
3966
9205
4060
9083
8079
8306
6940
2924
3907
4558
3343
9261
4295
8784
6703
334
9791
3700
1543
7837
1340
656
8399
2170
2135
5392
6592
5724
6519
5540
206
5280
6784
8623
9821
8509
5249
3880
7457
9372
55
4328
8317
6662
4529
5619
8125
1964
6892
5627
7179
5435
4494
2614
7222
7217
8703
3725
7400
5196
1727
3738
7472
2786
5162
1279
4940
885
4212
5516
4039
9237
8976
6278
4415
3291
562
2704
5190
499
9090
7711
5338
1476
878
8568
8810
4209
1572
5684
7405
5446
8743
5207
1201
7464
6460
2204
969
2717
1111
6641
9148
9029
7956
8703
5459
5598
9777
1811
2504
5388
6520
6535
7409
2166
6232
7745
1767
3083
1147
4795
2618
6960
7624
817
338
6546
1395
3723
120
6372
3695
8404
533
7825
8259
8821
7812
6160
3164
3211
9749
8302
6110
6319
2840
4477
5678
1980
4328
22
3918
1495
8613
1387
9798
9591
4440
8785
7143
2095
8945
9070
9483
9196
4687
3309
8436
3412
4109
4286
2124
9832
3449
3775
6404
1774
9744
948
97
8474
3170
4688
4347
74
1349
9560
1861
8307
4044
7877
9059
5707
142
5494
9362
6533
516
1071
8539
5005
605
2376
1271
7928
5938
8281
2808
8553
6524
675
1002
8415
1803
9565
8909
52
5093
3373
6339
9582
4798
4704
1369
2323
1588
2405
5426
4004
4019
3700
497
2186
9174
1896
7977
7639
6829
731
4093
6753
5499
8608
8754
406
312
9242
8203
318
7377
9620
2961
8922
9061
4522
3036
5999
2961
1616
8471
9794
5001
5826
7656
341
7406
1416
2345
1934
303
1165
8429
2915
2100
1756
8970
7307
5600
6713
7886
5794
2124
3374
7263
2569
1182
3145
9059
9883
1148
7415
1397
8624
6031
2932
3470
1168
8723
1578
820
633
6151
3062
4971
9978
8678
5747
5394
9272
2276
4835
3840
3021
7277
1858
4769
9627
5519
3298
5005
2697
1944
2196
3520
1480
8618
4897
6471
891
3479
194
7361
5510
3382
1897
3504
1597
4646
2103
4073
8578
3237
22
1757
248
8876
7496
6705
7452
3678
3600
6025
5678
3920
6356
4831
1533
8726
883
3354
4856
8784
5068
4738
4991
260
5728
3401
8002
6924
5187
9460
346
3633
9990
4744
3262
9437
1791
4099
4618
5195
6024
7842
9013
4684
2634
6740
6550
3249
7572
5750
9506
6224
7713
4701
3934
3137
8260
9225
641
330
5411
5458
5513
3463
2501
3918
8158
8614
9552
9699
7983
5429
9267
7185
755
7994
6109
4049
8497
6026
3888
1876
6228
8379
2182
6041
823
5751
5016
7269
6768
7209
2527
643
1733
2460
7774
2255
218
8535
3765
7321
6805
9052
7670
1206
7856
1486
6325
4355
4920
8360
1178
7321
2092
5621
1013
9944
4217
7975
6063
4246
8336
4359
7986
6890
4440
3131
1895
1757
6109
2894
9285
8148
9521
34
6070
6926
2179
5709
3682
6546
1949
5414
4386
6151
5385
1227
883
34
7273
1443
3591
1217
4239
7779
9896
1463
7277
1191
3202
7576
4495
6398
2911
5556
854
7900
5691
5115
9511
4328
7113
5073
696
3391
2035
6031
659
5737
9639
6223
1397
80
240
7284
3160
5677
2803
2187
5900
7583
23
1170
8260
7595
637
5705
5678
8745
2891
1475
7425
8996
2785
1066
534
3500
9534
9293
2718
371
3493
980
6655
488
5865
1051
9816
3392
5959
7000
4610
6703
9516
9849
8382
2942
2967
3962
1323
1853
5393
4776
910
6312
6502
9813
4124
8500
8040
5928
2966
2289
9727
7057
3218
3008
6360
6436
993
6767
4685
4492
843
389
5148
2312
8607
9700
7633
6421
3661
6259
7374
5346
4707
3766
5596
8384
1662
6419
5680
6474
2581
7139
5344
3716
2897
8535
9207
3292
4358
4717
406
478
1597
9478
9749
8293
638
4768
5466
6195
7102
2924
4311
4710
9608
9416
1222
9130
9240
7298
6677
746
8190
5193
6022
5883
794
1799
8322
8356
8936
1309
1068
8037
9783
548
6003
6254
7343
6359
928
4336
4060
1261
6131
6702
4976
1507
3098
8946
5431
2858
7092
9823
8806
4142
8390
9825
7619
9254
7395
7504
1156
8262
1146
6344
1430
5420
9400
8089
4003
1330
7348
5989
6044
6130
5226
8468
7620
1396
1641
8621
7572
6429
2109
1976
9069
7401
9504
3715
2492
3114
100
5542
8955
9977
4768
5182
2963
2802
8779
3276
5921
8343
6776
8109
8150
8979
6992
5270
9771
3688
1687
6824
2799
4585
2671
4641
4754
5768
1100
5160
5209
5312
473
4915
1448
2314
8259
1492
5840
9732
3373
9363
3311
6561
8782
64
1090
2692
5496
857
6321
1930
7943
392
6768
2193
2226
7275
1321
6604
4386
3879
9496
3132
3097
9462
3975
6248
8719
4100
2398
135
9909
5354
4274
8441
4355
2745
677
493
8418
2909
3350
9264
4546
1752
9353
278
4027
9702
3369
6226
3423
3823
4632
3448
2758
3926
2633
9745
396
22
801
3549
6588
7095
1199
181
6777
2997
7577
3695
457
977
3051
3044
6131
9354
9333
1675
6365
4786
7548
2717
5193
5501
6202
3598
9043
4591
6377
1615
8849
709
6066
8872
6068
8175
5606
3424
6920
8541
6321
2877
8506
2549
3924
3824
5897
5054
9159
9341
2527
6372
4973
7376
2582
8295
7660
1539
8348
7134
5042
9937
5182
3654
321
8070
9947
4994
4573
2353
6905
5146
6079
127
4750
925
9309
3439
2095
5959
9772
6142
7014
4826
886
5657
9432
9120
887
4711
6594
9944
8581
2271
5031
7256
173
9783
6107
9876
9635
6313
4162
1494
503
9301
5996
6246
2699
4707
1759
3362
7073
3144
4634
3665
5402
3883
3166
4321
647
5237
8313
1942
7163
8638
8056
3745
4609
6491
789
7225
1953
4866
2736
4180
6574
9187
4016
151
428
4276
461
8458
7025
7492
8318
8656
3161
6438
5480
8488
1292
6254
5505
9619
5270
1755
6947
7674
2146
322
8607
1979
1964
7133
6360
6364
307
8500
2114
3134
7242
6121
3093
2136
1980
591
1349
7181
7671
9821
5235
3684
7152
8796
2127
5232
5771
8634
4675
4242
2207
1571
1490
4388
6678
7100
6811
5201
5279
9489
9099
312
5734
9088
42
8725
6726
2642
1754
1303
2603
6931
3580
4573
6230
1099
6226
926
9173
4948
3249
6902
5996
6155
8921
212
9020
6915
1701
5264
8325
3030
8272
4080
8838
9324
7470
9423
2745
9650
7679
5669
3638
932
5192
4165
6351
614
34
491
8173
4705
2888
5914
8646
1777
1479
395
7153
4007
2331
5403
3665
7052
2584
3391
4325
150
971
1923
1456
7358
3795
8080
7480
4815
4620
3201
4325
8973
6098
9814
1925
7563
5488
2102
9963
6376
4403
4965
7652
2953
4843
8507
2748
714
52
1646
6130
1851
2234
7732
5908
5204
1101
1136
9269
8283
7088
7691
6925
6542
477
5547
2209
9799
630
7635
1447
6904
3666
1437
7051
4061
3920
2596
3537
247
1433
4711
30
1555
3421
1386
8012
5790
9135
1727
2641
3082
2719
210
3834
7791
4153
9815
8783
415
2525
8504
7942
4334
7267
2806
4882
2676
2250
585
5572
4238
3240
6088
9205
5847
9320
4530
8121
2412
6157
4948
2538
6310
6464
4373
2398
39
7476
9498
3486
6162
9090
1991
1121
3074
7863
6955
7844
6953
7220
7879
3235
9103
6894
2104
3814
7271
6753
491
845
529
9236
9208
8155
5197
4910
2291
6403
9587
1081
6526
8223
3521
2639
3110
729
570
2194
2072
4618
794
7515
6395
9172
9978
7120
4554
9798
7084
2229
6898
4312
6356
8946
2728
1182
8759
1368
8109
4436
9416
2531
5940
314
8254
8771
6954
1539
1524
110
2037
1081
9681
5256
386
5927
1405
4356
2531
7219
6465
3627
227
4898
5493
3889
7454
97
8407
7235
475
8234
9355
5353
8136
1386
878
3760
5393
9102
5415
6716
6990
2297
8787
4322
849
2447
1965
4962
3200
3946
3573
8837
1705
3737
6720
1193
7036
5063
3463
8598
3646
4319
4352
5340
5379
8360
8994
1979
9031
1723
9791
4972
4475
1049
1553
6251
7286
2654
3633
2113
6496
9119
1021
6026
2587
1947
9267
4034
3954
6682
6530
7150
654
8508
5299
2920
3809
574
6833
997
5248
5888
7162
1404
4192
4041
3057
250
1142
8163
4938
2925
3972
8535
5783
4753
4937
6233
1495
4548
6577
6761
2089
2378
7491
5617
7548
6095
9453
9424
9958
1548
108
7529
2407
7086
1127
5802
625
981
4723
4802
758
6270
8845
2436
8845
1318
5118
1309
4088
6593
5826
947
2567
954
8270
4378
3363
7642
6105
3200
3421
9477
1318
2274
8769
4529
4274
9128
1356
1529
9164
220
1666
2642
688
8341
2361
5804
244
5128
2720
6801
3420
7084
7875
3036
464
7357
2619
6715
6592
4813
258
2089
7775
186
5939
3084
9582
3348
1485
5570
9042
3174
2861
7366
6392
3874
8999
8999
1391
8951
8596
208
1566
3139
2492
4520
1976
9157
1853
8573
8271
8728
8085
6987
2707
3788
1182
3698
4704
6089
665
3104
4653
7954
4189
2442
8722
1849
42
7221
132
2365
8432
224
1001
6917
2267
1643
2689
24
9792
3759
8774
4847
2507
9766
4888
39
1382
1865
9857
9076
6851
2003
8877
1230
4189
8081
4986
2952
5883
8590
4626
1070
1764
1983
4378
7083
2779
6387
1827
4392
8253
3302
329
1325
6426
7595
1722
7434
3433
6949
832
8501
5621
4497
3199
7851
3892
8007
4757
2890
9069
609
4577
6632
5534
4470
1874
1284
7489
9984
1596
2617
3348
2088
7272
2350
899
5481
1196
9455
7926
766
1828
1235
719
2424
2028
1594
16
6150
6228
2353
6898
1515
1893
6286
3448
7183
9615
7863
2031
3896
5764
2902
2528
6613
5271
9471
2573
3361
6481
2142
6581
593
6217
4541
4566
9610
1638
3793
3595
9822
9171
2964
719
5460
4439
7650
4873
983
4172
9554
1191
1287
4625
3606
6549
7772
5527
7474
9537
1493
5233
5544
1874
90
7479
3269
590
7827
252
1283
4826
4883
2707
891
9113
8599
4847
4192
6787
3624
3764
8775
9693
8072
3437
9751
5355
9141
6036
3788
2619
4722
8632
6741
4048
5040
3398
3911
5329
328
7459
708
21
324
2333
7852
3302
4483
1927
9498
9666
2017
6856
8845
1610
7141
1890
951
4634
6569
8151
403
1235
4553
955
7853
8962
803
1141
6696
8573
775
7549
2176
4159
6245
338
6277
983
862
5653
5368
4904
2634
3319
9728
3977
1743
4452
6458
2680
4059
6551
3071
5501
1793
6251
1728
1014
594
6802
4796
3614
4102
3449
489
2831
4899
2234
3439
9020
8581
9769
4813
48
5465
9195
3114
9362
5270
6257
5090
5338
9881
8166
3394
8928
9271
8018
4323
9080
8859
9502
594
1595
4843
8403
4147
2911
1352
3198
8589
9620
7316
5120
2406
2572
7825
4566
1898
3140
1147
6077
8473
6380
4375
356
273
2605
1916
2438
3364
2133
234
8932
7957
3720
8568
5402
3816
79
936
6046
8538
9020
7332
5911
9649
7511
4475
8505
3883
7490
6860
2518
2517
2692
3629
4444
2800
1487
2398
9776
82
3663
3296
6027
3196
9553
2240
4224
5219
8946
2387
9506
811
1144
4413
3142
8415
1049
4543
9326
5366
1224
6200
6987
2621
7471
5969
2379
4855
4393
2527
7739
5517
448
1169
2171
5633
2631
8332
3572
5884
5026
2036
244
4914
3417
8406
9963
2959
4681
6038
5863
6458
2205
529
7933
3868
9491
4816
53
289
235
5230
8836
2642
8181
9733
6515
9132
784
7660
3591
1714
6144
2443
1019
9706
8686
6235
9610
2742
6503
2823
1562
2835
3274
363
9269
7601
2482
5034
2557
5718
414
6730
8616
6392
2915
3218
6105
3720
8441
7111
9494
4012
5126
8890
422
1939
3621
4685
4442
8554
3202
1048
5864
6801
1341
6656
2975
2876
9738
816
7997
3374
8313
5712
2093
4428
5133
8502
7680
893
4806
1167
639
2791
9199
3090
4501
623
228
3418
3159
1135
4507
4157
2783
9478
4371
3588
2175
6340
1781
1711
8631
2045
1604
723
7867
7577
2690
4783
6162
9984
15
5007
333
9382
1597
4716
3560
5525
2934
4505
9945
9373
686
2057
1500
311
5590
2193
196
2317
1401
3491
611
368
1337
7590
8829
1052
4544
6986
7476
68
5597
9513
2878
9706
3621
5878
7794
8545
5341
7801
1028
258
8055
5176
290
8856
2547
9633
4406
5329
4005
9633
2881
3431
5611
7507
6865
7422
5864
1008
1820
2897
3892
1155
9013
9940
1638
4163
2595
6412
6304
4249
1691
445
8363
5059
557
3343
7537
9860
6634
7764
543
6600
2117
7122
4026
6089
1214
2402
1483
925
7804
1284
2032
6955
5400
3215
9596
6741
302
5853
777
770
3675
4298
6871
911
347
2185
9704
5376
1671
1049
2288
9494
7864
3088
5636
3940
8730
6580
810
3194
1583
1284
9405
2116
8846
787
3435
633
3910
9694
9124
7071
604
8709
4334
854
8113
1979
1560
1766
8931
5790
7312
3162
9870
5047
3599
7852
2133
8468
1615
3336
5590
8621
4741
60
4565
3860
3176
3414
9650
4747
3765
4756
4073
6495
8038
1648
7377
5635
1082
7652
7574
2736
6698
8652
8961
7008
169
1183
560
1698
870
6629
9344
6819
8972
3352
8679
1899
8522
9935
5904
6516
246
6710
5699
4957
190
576
9012
7930
6497
4258
6520
9841
4990
4102
3818
6173
7708
5703
6050
741
9993
2801
5147
4751
1485
1874
4406
9132
9832
9948
1453
6582
94
898
5942
8797
1082
6998
5961
2911
2568
6120
3967
2810
1732
3953
1720
988
2559
1037
2749
4498
7895
7399
6098
2233
6635
1360
1795
5821
1989
8143
747
3079
4877
2832
5777
5141
5453
9307
4949
8580
6091
3124
8696
3802
6778
1865
8379
5936
83
7819
6840
8907
1555
319
9909
8279
9104
4425
5996
1696
8027
437
1208
3733
9227
4464
983
838
1592
8934
3958
4734
8819
4457
740
9426
1822
2424
3228
3005
9351
5603
166
2035
2336
3590
6604
7997
3624
6902
795
6036
2701
9620
2939
8322
3461
3956
7945
7530
1124
5641
4058
2296
5098
632
1824
114
6865
1468
4816
714
4857
1745
7735
4566
5781
2595
4744
8075
4038
9940
6939
4998
2267
8100
5386
3853
6522
3681
5479
4660
2138
3561
4571
5225
6768
684
5734
7125
2094
1782
3785
9940
2856
8530
3105
6366
6462
666
6106
1062
3859
2370
6107
5594
6730
7853
5951
1192
9043
9429
7635
8091
8843
3172
1608
1705
4268
7445
2086
7655
7004
3739
5061
6158
3271
2871
1209
6248
1076
4075
5029
1354
7948
5321
9501
2458
1760
1750
9231
4762
7961
2611
3410
7854
3770
5688
3309
7078
7780
9535
9245
9527
2643
4911
5713
7187
2055
1474
3104
2852
6665
6694
7982
9075
8964
4748
1475
1951
2850
3498
7452
2185
1403
5007
8395
6999
1449
3124
2694
1670
4550
883
7887
7445
7791
3575
9838
2624
915
2877
2370
8406
6869
6587
8060
5090
9269
7632
8428
1754
227
8391
9658
4992
7001
49
1789
2196
6262
7172
8121
9612
9465
4644
1493
8965
8035
5586
530
5594
5060
8175
3444
1151
786
6457
3679
9061
3818
1100
7685
8953
1997
5262
2331
1921
122
4107
3360
4110
5545
1394
6603
3843
4569
1072
655
2193
9514
1111
1366
2167
4280
7673
5708
5158
8944
4134
7557
5767
8803
7855
3292
4765
4949
8364
3091
5775
3426
3013
1671
9124
1726
309
9737
4496
840
5549
3642
3405
9525
7031
5359
7983
5017
3172
5541
5469
6765
204
7376
3514
5446
8120
99
6531
8651
6031
870
7710
5642
3358
6213
4260
4490
4016
3535
3834
2291
1931
8052
5490
5013
1208
905
7596
4237
4536
3810
5210
54
1104
1902
2398
650
6079
3297
6556
3501
9654
1312
9110
3838
8884
7147
5543
9866
6255
6614
3483
5171
8555
2390
9690
8799
3419
2059
9542
6130
7049
7832
150
412
7982
4401
4009
675
9934
5136
1343
3356
1081
7582
7928
5019
6374
1745
1620
6419
8891
1973
9454
9101
9447
2605
5423
5548
7926
8643
9557
9818
3611
4566
7478
174
4106
8255
2796
3655
1376
4590
1797
305
9523
1402
1694
2945
4581
8364
198
1107
9835
6969
8942
5925
528
3397
4368
8890
9968
8218
9399
8302
5369
4562
1955
9385
4672
7353
1762
7723
4576
3119
4727
935
3395
2058
5756
479
8314
7741
2484
8121
7064
8674
6293
5045
6077
994
9633
2412
3398
6170
809
6495
1120
9269
3319
7795
7576
6681
8592
9015
7654
68
7146
8883
3260
4547
9672
8654
9357
7132
9097
5452
6034
1454
7837
6336
8997
8973
2829
3938
3123
2007
5122
8380
5616
4708
1059
9439
8538
4162
5541
5917
8341
2762
4896
4705
6852
4154
9347
1982
8370
2811
8539
4650
6178
7735
7431
9887
7954
1525
9560
34
6981
1949
9325
7942
9256
8512
9156
6775
8803
710
3517
7430
9591
1438
2329
3224
8683
4023
1482
7447
7372
3889
9813
3975
3805
724
7380
8987
2664
953
9143
2194
5019
3863
8823
8387
4026
5923
8091
7933
242
2744
4751
5150
1991
9091
5628
6957
367
9619
2750
5090
1474
7575
9716
152
2267
3805
1988
8302
3114
8504
6476
7535
9717
6187
7680
8343
5562
3703
9327
5934
1171
9003
3866
3424
8158
5132
3183
5413
395
6822
4229
2593
898
6716
9226
2380
5588
6823
1193
9523
4512
6739
1971
3660
6131
1689
1970
7288
6571
2954
5965
5646
4607
8448
9909
381
5145
6259
3524
5528
1032
609
7919
6480
4269
8645
3127
754
6500
1103
4269
6161
6526
6768
6363
4262
8324
5601
6986
7765
3778
6730
9836
9175
9107
8885
9691
7925
5449
7453
331
3568
8662
7918
4476
4702
7165
5454
1232
2868
2454
9781
4728
1496
4432
9505
1244
3834
3429
8458
986
2259
6121
2714
5651
155
749
8370
7205
5922
1266
5881
9983
3528
3299
6146
7951
779
517
5197
5108
694
1334
3320
2994
2234
2494
707
6761
9106
2094
4406
57
166
7532
6560
7563
1542
5846
5424
5587
6449
8678
7060
9881
3444
7741
9525
9034
3522
4587
3213
59
4760
9260
2363
1656
6000
467
4087
4579
9707
3751
8678
7289
5860
3403
7061
5577
1748
9406
3335
9168
9082
8948
805
916
3987
8211
2135
5680
1406
1199
6127
2899
4352
1171
5189
9183
1180
1270
6815
3173
9835
5059
8973
7046
6992
5857
5902
5858
8218
6146
62
8960
3041
7101
6909
2414
276
3419
570
2303
7774
6697
1466
8159
8253
4439
3659
4168
7470
4689
259
1605
7235
5377
7622
4797
3110
5915
1006
6813
160
5461
4981
1474
2574
2496
1472
265
2549
6500
3812
3946
9644
1901
4300
5385
6960
2242
9613
153
8689
4574
8559
2731
4578
487
6869
2545
6550
6872
8769
8435
5513
7530
974
4584
4753
9340
919
1550
3418
5760
162
6661
8512
7067
4862
9499
788
3134
1593
6280
9213
8461
4760
8144
5002
4661
7078
6054
6177
2837
8066
7698
647
8012
1541
5937
8900
2578
2873
8323
995
5492
9993
6223
4917
1018
6361
9201
9520
7456
4812
5763
5485
9228
5887
2346
4324
969
1128
594
5631
4344
7788
1681
1956
9416
5125
8222
3806
5561
7967
767
1022
6965
2129
7812
1525
8908
7772
2449
1934
8252
5785
4603
2303
762
7333
8929
4524
5039
9498
7649
3965
8496
1408
2649
1623
2876
4795
3367
4536
4212
1338
491
8512
9971
4705
400
8596
4430
5246
5569
2546
687
7458
5433
7718
5674
5375
730
5291
5073
2784
5669
7203
3289
71
5486
9149
588
9864
9685
1772
6625
2647
259
9962
6567
8909
8461
8221
7535
7058
5839
5421
5559
7031
939
7733
2617
7162
3796
1889
6388
1304
5025
4531
7327
9881
4691
7984
5585
7071
103
9143
4593
4593
8322
9431
3728
9927
1091
1597
8290
1880
7663
2603
2547
5849
6576
9109
6602
4227
2579
2686
6747
5567
4209
3716
4512
8582
4446
1991
8432
1064
2704
8746
9425
9450
8896
3875
6960
839
6982
2923
3150
2759
254
4413
6721
8580
6330
8080
7195
20
7533
5451
608
8067
1626
3869
1467
160
9257
4995
3852
9314
2773
2702
2577
8250
3071
9112
459
3791
1451
7700
5019
9897
9540
4459
6557
1995
4142
1352
2597
595
755
3719
844
7499
4727
4629
217
7075
715
9387
1798
8535
302
9069
1106
4153
2517
736
754
6562
625
10000
3185
954
5568
6531
4602
9226
5430
5882
8450
824
1368
9148
4007
5652
4596
9073
871
691
9358
8583
7263
5213
2295
1019
7842
3763
3234
9371
5630
4216
4308
4128
6971
851
150
8030
7768
6590
7085
3125
783
1491
4907
2054
9352
911
4973
4974
1401
8528
3796
6558
6521
1619
3381
8608
260
9842
4769
5438
541
7461
3403
3041
9350
6520
7292
5984
4365
8721
8085
8090
1950
7527
4232
5512
9722
4829
1548
143
35
3524
8793
6076
7543
9998
3725
5208
1012
9061
1665
4510
6849
9699
3304
9607
2384
8111
8953
7140
8408
5237
4226
8685
9028
7080
8149
8363
6146
5664
8068
4790
2066
9834
4149
6002
6696
2322
1220
5384
3732
9601
5054
6396
9494
9943
1952
8716
4692
673
8328
5144
1165
8000
2137
9979
5972
9174
1517
6896
6364
3071
5457
4329
8392
2565
4024
8721
3794
887
1903
976
746
9703
1616
1267
3142
6821
2220
5485
6865
2889
7233
5936
8101
9549
1455
1140
6166
3434
3840
1168
7172
3042
169
6571
1005
9465
8452
2942
511
9713
1139
8687
5212
6996
8891
6666
4336
9131
3969
3985
2039
203
9033
1759
4974
9862
8283
1595
5025
9721
4648
3222
2357
6676
6961
3912
7796
4563
2133
3851
6628
4818
2669
8027
6099
5714
594
6512
3128
1835
1119
3515
9227
5031
1124
6166
3837
1479
4696
2832
8550
7837
9091
5127
9086
2999
2157
2427
2259
5227
7909
8674
2524
5074
3613
9608
2016
7932
2858
2936
9946
5190
7699
8436
8120
525
2833
7805
7077
1825
130
2284
8464
4109
8930
5444
8621
1084
2339
214
8907
6579
2205
5423
3034
7366
5713
5082
2846
6172
82
2378
3680
1075
1149
7552
9071
9847
555
9955
7195
3666
191
4501
4356
3158
828
8908
3961
7704
3608
8830
7844
9585
5335
988
3371
411
8608
8725
2919
3296
601
4923
514
9589
7404
2081
7118
2407
64
3871
8055
2363
7052
881
9584
3083
1248
1215
5808
8461
2997
8382
5289
711
9447
3218
6179
5905
2105
7717
6930
8879
8816
9405
3674
8368
7842
446
6951
7753
6810
8879
9314
286
1856
2692
7720
6042
4107
540
4549
1556
3258
1740
6381
1761
5858
9255
834
1376
5520
9333
2446
524
7174
1511
2961
3466
7889
8394
6568
6113
5815
3701
704
4899
7150
9059
5137
4850
9009
6625
4693
4912
7338
2995
1952
5215
7433
8687
3087
2562
949
5844
1435
5743
4894
609
9094
8255
2496
2336
4751
9843
8129
3788
1458
262
2560
4204
152
2015
7289
3053
7947
579
9374
9250
2656
7842
4483
3055
6457
6587
1929
903
7554
9306
7163
4345
372
2771
3483
1122
2754
7857
4620
846
5392
9953
1775
2633
8995
1591
8642
73
32
6261
5559
982
7666
7788
7352
7551
2720
3588
9772
6326
5535
685
3823
8572
4545
3439
2933
352
5756
7418
9115
51
5322
5442
3121
7331
1471
802
7544
8646
6078
6027
8375
1508
7690
1585
3655
3172
7165
3808
9241
6116
8740
8490
8303
3281
8621
1397
4018
8453
8730
1763
3066
5237
2154
9538
2158
7228
6410
1108
3515
8431
6887
1717
2108
6650
1935
7435
2766
4594
9467
6346
1033
5318
3640
6910
8554
2969
4104
6268
4378
7049
3143
6220
9798
1479
2437
4809
5417
4968
9400
7918
7645
9721
208
8119
7930
6654
6067
3361
7683
9294
53
9942
2768
2422
251
8187
8361
9651
1419
2015
8496
153
9948
4661
5483
4948
6064
9984
7310
814
2046
6075
3551
7709
50
5259
9664
342
5639
2325
1240
7440
5960
3874
8559
1894
1579
1862
4413
3490
2899
6473
4118
887
9068
5045
3683
6557
1001
6091
7016
102
6191
399
2516
5610
2938
7176
2027
4894
546
26
5657
2968
5580
3954
3935
3388
3687
3628
5270
9281
5807
1398
6832
8746
1629
5637
1923
7813
9746
1815
4314
7841
271
6320
6328
517
9176
6253
6860
6221
5755
5551
1658
3921
6846
8687
2254
7310
911
5135
4469
5706
5996
7126
4797
637
7259
1296
2840
2826
8323
9943
4745
3248
9361
657
4011
7944
3427
4276
7129
2254
7276
2594
7848
17
5034
5600
1931
5623
7058
8016
9303
5325
1302
3749
4729
7414
3009
5613
8101
8674
1257
6131
8180
8447
4581
4878
3923
3163
2608
2177
3813
2234
9080
9549
9217
6937
7397
9586
6050
5421
4547
1943
4671
3365
1829
27
1482
413
8860
6674
2311
195
7385
7122
3933
3894
5799
3886
8907
9960
2792
3454
6548
3178
8568
1003
769
1636
8864
3458
5036
5558
2452
3732
4183
9702
855
2760
1539
7088
7257
8554
4592
5100
1811
9920
7432
7201
137
2156
2579
4792
3592
8990
4020
9985
9859
8228
9533
5947
2085
4099
1289
4501
9397
8618
3826
6933
1998
7869
7370
6230
5646
6573
5463
1420
326
4369
1411
5631
7153
4246
7251
816
1001
5080
2315
2781
9481
8851
927
6285
9237
6951
2999
2737
6293
5364
5727
4543
1359
9315
1470
6490
6530
6180
9785
1301
7563
8163
8078
9660
7877
8275
5681
8233
5092
9578
5086
654
1356
2414
8600
8780
5603
151
4340
7914
5461
2284
1297
6638
2435
6948
5674
8509
1536
6880
9836
9073
2068
312
7731
8581
2755
9251
4731
9398
2589
9333
689
1628
7849
5201
6360
5733
4094
3605
7711
5086
3618
6662
3421
3048
9361
5248
5445
6214
4551
7175
8061
7091
7645
5713
2008
5826
1299
9090
4823
9305
1861
4853
7537
1015
342
4526
9623
4039
8860
3343
2671
7235
4490
3845
8684
6814
109
7219
395
9334
9924
1199
5412
8738
677
2678
1317
435
2422
49
5712
3927
2273
7088
384
4994
9697
1346
2934
9051
2963
2337
6308
6218
8430
256
662
7415
6237
2616
5981
941
9538
4652
3132
3657
5071
1030
314
647
4131
8487
5940
1517
4830
3761
6181
8932
2740
5026
1762
93
8305
7350
1970
6839
7341
6188
8823
902
459
3865
9599
209
1012
4354
2948
2493
6829
8627
5377
190
9385
7659
3709
8562
8633
3555
6473
1681
8863
7003
6673
1190
3834
6832
5044
5307
1345
9818
4248
5338
593
4058
4913
876
6175
5647
6419
4795
7022
356
2946
5791
675
5218
1491
7613
4496
5078
8994
9012
6231
2130
9416
1297
9564
3291
2824
7260
3113
8840
9192
9827
2981
3613
1155
6595
56
8298
9290
8392
5273
796
6815
2467
4779
1636
6492
4327
272
1311
6772
3983
6581
8433
5024
8479
8219
3475
8087
2101
4868
8909
1427
7999
4191
9182
1136
7386
1972
8127
4142
6655
3154
8739
3776
3853
2404
3211
3193
7330
1687
5115
4472
8127
5055
4502
9279
1042
1576
8420
5587
3613
1265
4716
6170
5474
2572
4572
7288
1861
730
389
9791
1581
9182
3472
5104
2858
7956
4149
2319
2872
4089
9536
1940
7634
354
1481
7315
7506
4213
6260
5117
5455
2346
6793
5665
9132
5240
226
5952
8860
100
4794
1330
5906
9635
1277
9163
7637
5523
5185
3987
2931
4925
1877
5272
9683
6696
4080
2952
3640
1019
4651
671
6731
1939
8240
1350
9374
8927
8358
8316
5263
126
637
6927
2928
7613
260
6756
2141
8105
5377
5977
7402
2925
4689
6594
5056
1991
1205
9796
7459
2768
8621
7046
1310
8453
3185
2871
7369
2793
2627
8975
7333
1207
4098
8186
5234
367
8623
5550
7169
4856
1964
3743
7850
7838
4015
3600
7393
3554
8408
2501
4759
1921
1922
8902
877
2064
2030
9604
3958
3149
2976
4312
5155
9264
1182
5975
3313
9836
7148
7180
1597
1959
2434
6326
9737
1479
6396
1210
6771
8571
3777
5818
8781
6134
5445
9665
392
9165
5143
6650
2476
2041
464
7567
3040
2195
8011
1232
5978
1360
9136
6738
5722
1814
7818
8417
1901
7434
9087
5382
896
3551
4237
5524
1133
1776
5310
5349
4644
9267
7484
9135
7097
8437
692
2145
3903
184
6780
7197
8397
2260
9465
1581
6959
6781
1873
4679
5056
8048
2629
2501
9603
5012
1072
37
6651
9507
1604
7108
559
8635
1892
6330
883
3009
4332
5306
7294
8134
7779
9302
3463
2994
8294
4956
3419
5537
5307
4653
3913
3446
2183
2542
8490
5120
3309
6108
6944
7119
1987
9168
5723
8882
9053
109
1346
213
8010
5303
9777
6757
8956
4149
678
3425
1559
4872
8139
2586
5536
6186
707
855
2462
5779
8269
3660
3337
2282
187
9780
1068
8166
7076
1259
3405
670
5639
3934
1036
8526
491
9678
3138
6573
9019
6575
3957
9652
3551
2201
5086
790
1263
4098
749
3800
483
3147
2107
9308
9676
9598
941
7782
686
6053
9222
1315
9944
7537
7981
3626
9649
668
4236
4336
9837
8711
5695
9773
675
3961
996
1590
5069
4152
5945
5177
2988
16
512
7470
6850
2148
914
5726
6797
5088
7150
8982
2911
3731
462
2668
5052
8127
8494
9949
3906
2472
3999
7890
2127
7909
2549
3184
6558
9659
792
1752
8118
8981
3867
6863
6409
493
3455
4861
1676
2077
4263
3380
5458
194
2546
8158
7568
885
4679
4333
3168
5371
1434
9971
7426
4508
1700
8098
2881
5649
7769
724
3767
2510
1513
7119
203
9780
1078
7555
5446
7971
1097
9946
72
6193
6729
6535
6109
8021
4511
3551
3509
9971
1955
11
6889
7534
4509
4944
3152
4711
6699
6214
3317
5052
6742
5693
9794
4064
5005
3290
9804
840
3378
7150
1230
3408
9450
5469
9232
7431
9642
2838
559
1821
2532
67
2656
2010
3510
2752
9092
6507
6962
2989
1420
8342
3295
2532
1790
1279
900
4238
5670
7045
5679
3034
7170
6721
8957
337
9978
1139
6034
6971
9178
9729
9215
8451
2288
8839
8097
9429
5509
5213
529
3793
9578
3205
816
3348
2208
2145
4540
7125
5388
2494
6034
7368
7282
6761
2137
2721
3121
6244
5831
6838
1215
3841
6478
1035
6816
9583
5962
7410
8175
8555
585
5198
3138
4474
5597
4883
4278
4333
6909
3349
9500
5286
3118
5996
3601
207
9781
2201
8958
285
3953
6238
6836
7089
2520
4408
80
2438
6544
8785
5235
7668
4398
1784
8144
8409
7729
3671
2837
8821
4231
7428
6151
8945
1941
209
7820
7530
3668
6192
805
9694
4736
1133
4563
5843
4844
956
585
6734
4972
913
5504
2329
6642
8934
7558
4326
3758
7466
6185
8882
3504
9831
3630
5927
274
6132
7105
1241
6561
50
630
6849
9262
9958
1952
4410
5669
8158
8857
7929
9138
1063
211
9668
5764
3062
9064
6218
3324
2409
6709
8606
6337
9820
2319
2346
742
9806
6747
844
9579
2578
7452
8213
436
2927
9259
3982
2346
5916
6659
3926
4573
1325
509
4834
6667
3423
5906
8895
631
8775
678
7563
4912
3791
234
8812
7024
6822
7009
8810
8123
2204
8351
7200
2101
9381
8230
1980
3054
2101
4403
2917
8462
1596
9454
8938
8177
9861
7193
5244
6543
3369
2490
8020
6314
4107
6842
6802
5270
5135
1712
7115
989
5779
652
4158
8478
114
5141
6820
4242
7320
9836
3093
4616
5139
2318
4132
7570
4630
3428
4897
6614
4879
6747
7333
5253
7594
4837
8958
7022
7109
5168
3015
1368
9877
3429
5939
7236
400
364
2016
163
9464
4916
3152
6551
6396
7171
8395
1979
4538
6165
4917
1499
7395
1774
4257
7779
7327
4954
656
8583
5128
8134
9186
8676
1768
6768
6000
7628
63
345
197
5289
6117
6481
7423
5923
6682
5260
8853
2617
6341
9408
5736
7676
1370
8416
7541
4079
9184
4719
6048
5597
4206
4561
1189
4623
3309
3911
5350
3376
1755
5961
3235
8308
7612
5751
9938
5353
4265
2551
7990
7102
6030
7470
6285
9210
5630
6533
1869
9725
7833
7832
7538
9710
7872
9859
1797
1592
6
1269
7497
9665
6394
1387
3916
9351
703
8486
7780
1758
5983
230
8250
2624
6392
3788
580
7648
8236
42
6847
8263
724
9605
3204
9015
4749
7935
5453
6778
956
1959
3823
7960
7613
4651
1989
1034
354
6274
4276
2061
7483
6867
7490
2674
2461
4520
1457
8350
7826
9831
9161
917
785
6289
7876
5279
5534
9883
6754
2323
1805
1058
3661
3922
4926
8190
1048
3018
9883
6400
9114
3006
713
1856
4960
6030
3938
4802
62
9530
8923
8767
4547
3210
37
96
2433
838
2290
7051
7313
6644
3940
7701
9664
4715
3552
7632
668
8729
9551
336
2814
8447
8421
2366
9927
7412
7735
9329
1972
7388
9382
4111
2439
9086
4310
5122
5
2778
4585
6561
6497
1928
1211
2596
2668
9408
9368
4645
7265
7827
6394
8591
4318
140
5691
4513
5102
4260
437
986
9440
6971
5460
3877
7363
8818
6048
1763
7789
7574
8713
9749
7319
319
795
2033
189
3516
4570
5945
4809
9160
2926
4313
5718
4692
3357
2379
1668
2650
9764
7903
7393
5674
594
1547
2506
7062
9361
9216
1839
2063
9609
3299
5232
6346
2257
2162
4130
2450
3901
6696
2245
8999
3892
3641
8297
3347
3019
8636
8225
7212
5463
374
918
9660
6082
3344
2407
5076
7013
2131
9718
8777
4016
6717
629
4236
5662
5501
7917
203
2781
3997
1137
2466
7854
9390
6893
9360
5060
211
6337
3851
2286
7128
9866
3440
8998
4452
169
8743
6809
6245
2217
414
5463
7126
7229
5359
7028
1431
4894
5430
230
6984
2823
3517
469
4300
5182
1509
8922
2676
1894
2443
6219
2639
7446
2898
9731
6537
3929
5565
729
1689
3871
7125
2384
8382
6472
7192
2973
2433
192
1244
3407
9512
645
4903
647
5233
9852
2221
2446
1271
3684
6871
4391
1550
3860
9083
9713
803
2852
4701
5313
6627
310
6327
5881
1643
5445
910
7960
3664
1535
3165
8538
1506
4650
706
6206
2341
6802
6628
5128
9181
2824
7303
638
5637
5844
4128
2480
5666
3460
4048
5966
5501
1168
8851
4947
7791
2092
483
1778
7964
4481
4932
8658
9466
5183
8470
9717
2394
3542
9199
4885
5145
7429
6068
2929
5881
1315
7286
2961
2880
9025
6598
2219
8988
4794
1108
2304
9328
4187
3884
1110
3340
1398
8826
6777
8249
3243
6236
565
4901
6265
19
1211
156
7262
1252
9428
8634
124
5184
5196
230
8428
5277
5379
8322
5982
30
8023
9023
7160
4511
600
6564
2432
9587
4771
9908
8523
3714
8972
4476
5855
1997
2632
4558
9639
7743
9058
9538
152
6345
4082
7445
4802
5784
5793
2792
2830
7772
9140
105
6278
576
6432
3249
9841
4005
555
4686
9638
1323
6601
2889
5707
7566
1476
9486
1069
3906
4416
2619
6107
9465
7824
7455
5824
4626
6034
5246
2232
7745
3886
7753
9242
7163
4063
3408
9194
9234
4668
2877
3905
1318
407
32
2660
7068
3239
1204
2970
188
2995
7972
7142
9937
6118
3174
6261
4527
1
7950
3198
4425
6197
4430
7154
7072
1605
1883
5249
7093
1236
6507
5308
7336
5841
4784
5472
2843
9056
5321
5888
1517
8022
6411
8937
4165
9498
3499
1883
8387
2669
8574
4413
1683
7654
9524
4605
1512
5913
4779
972
774
8108
3660
1354
5619
5239
6787
9047
5304
4343
7103
674
3886
9868
8261
7777
5187
4300
7340
4246
3641
6705
9266
7149
1465
6629
5580
8649
8296
6728
7770
3120
3046
8878
6749
8494
1674
3530
5953
6860
1047
3126
8044
5319
6812
8879
8005
885
407
817
5290
4342
2911
54
3479
2036
322
9849
3587
4506
9349
6210
4325
4786
5963
