1,-1
2,-1
3,-1
4,-1
5,-1
6,0
7,1
8,2
9,5
10,6
11,6
12,7
13,7
14,8
15,9
16,10
17,11
18,12
19,13
20,13
21,14
22,15
23,16
24,17
25,18
26,19
27,20
28,21
29,22
30,23
31,24
32,25
33,26
34,27
35,28
36,28
37,29
38,30
39,31
40,32
41,33
42,34
43,35
44,36
45,37
46,37
47,38
48,39
49,40
50,41
51,42
52,43
53,44
54,44
55,45
56,46
57,47
58,47
59,48
60,49
61,49
62,50
63,51
64,59
65,60
66,61
67,62
68,63
69,64
70,65
71,66
72,67
73,68
74,69
75,70
76,71
77,72
78,73
79,74
80,75
81,76
82,77
83,78
84,79
85,80
86,81
87,82
88,82
89,83
90,84
91,85
92,86
93,87
94,88
95,89
96,90
97,91
98,91
99,92
100,93
101,94
102,95
103,96
104,97
105,98
106,99
107,100
108,101
109,101
110,102
111,103
112,104
113,105
114,106
115,107
116,108
117,109
118,110
119,111
120,112
121,113
122,114
123,115
124,116
125,117
126,118
127,119
128,120
129,121
130,122
131,123
132,124
133,125
134,126
135,127
136,128
137,129
138,130
139,131
140,132
141,133
142,134
143,135
144,136
145,137
146,138
147,138
148,139
149,140
150,141
151,142
152,143
153,144
154,145
155,146
156,147
157,148
158,151
159,152
160,153
161,154
162,155
163,156
164,157
165,158
166,159
167,160
168,161
169,162
170,163
171,164
172,165
173,166
174,167
175,168
176,169
177,170
178,171
179,172
180,173
181,174
182,175
183,176
184,177
185,178
186,179
187,180
188,180
189,181
190,182
191,183
192,184
193,185
194,186
195,187
196,188
197,189
198,190
199,190
200,191
201,192
202,193
203,194
204,195
205,196
206,197
207,198
208,199
209,200
210,201
211,202
212,203
213,204
214,205
215,206
216,207
217,208
218,209
219,210
220,211
221,212
222,213
223,214
224,215
225,216
226,217
227,218
228,219
229,220
230,221
231,222
232,223
233,224
234,225
235,226
236,227
237,228
238,229
239,230
240,231
241,232
242,233
243,234
244,235
245,236
246,237
247,238
248,239
249,240
250,241
251,242
252,243
253,244
254,245
255,246
256,247
257,248
258,249
259,249
260,250
261,251
262,252
263,253
264,254
265,255
266,256
267,257
268,258
269,259
270,260
271,261
272,261
273,262
274,263
275,264
276,265
277,266
278,267
279,268
280,269
281,270
282,271
283,272
284,273
285,274
286,275
287,276
288,277
289,278
290,279
291,280
292,281
293,282
294,283
295,284
296,285
297,286
298,287
299,288
300,289
301,290
302,290
303,291
304,292
305,293
306,294
307,295
308,296
309,297
310,298
311,299
312,300
313,301
314,301
315,302
316,303
317,304
318,305
319,306
320,307
321,308
322,309
323,310
324,311
325,312
326,313
327,314
328,315
329,316
330,317
331,318
332,319
333,320
334,321
335,322
336,323
337,324
338,325
339,326
340,327
341,328
342,329
343,330
344,331
345,332
346,333
347,334
348,335
349,336
350,338
351,339
352,340
353,341
354,342
355,343
356,344
357,345
358,346
359,347
360,348
361,349
362,350
363,352
364,353
365,354
366,355
367,356
368,357
369,358
370,359
371,360
372,361
373,362
374,363
375,364
376,365
377,366
378,367
379,368
380,369
381,370
382,371
383,372
384,373
385,374
386,375
387,376
388,377
389,378
390,379
391,380
392,381
393,382
394,383
395,384
396,385
397,386
398,387
399,388
400,389
401,390
402,391
403,392
404,393
405,394
406,395
407,396
408,397
409,398
410,399
411,400
412,401
413,402
414,403
415,404
416,405
417,406
418,407
419,408
420,409
421,410
422,411
423,412
424,413
425,414
426,415
427,416
428,417
429,418
430,419
431,420
432,421
433,422
434,423
435,424
436,425
437,426
438,427
439,428
440,429
441,430
442,431
443,432
444,433
445,434
446,435
447,436
448,437
449,438
450,439
451,440
452,441
453,442
454,443
455,444
456,445
457,446
458,447
459,448
460,449
461,450
462,451
463,452
464,453
465,454
466,455
467,456
468,457
469,458
470,459
471,460
472,461
473,462
474,463
475,464
476,465
477,466
478,467
479,468
480,469
481,470
482,471
483,472
484,473
485,474
486,475
487,476
488,477
489,478
490,479
491,480
492,481
493,482
494,483
495,484
496,485
497,486
498,487
499,488
500,489
501,490
502,491
503,492
504,493
505,494
506,495
507,496
508,497
509,498
510,499
511,500
512,501
513,502
514,503
515,504
516,505
517,506
518,507
519,508
520,509
521,510
522,511
523,512
524,513
525,514
526,515
527,516
528,517
529,518
530,519
531,520
532,521
533,522
534,523
535,524
536,525
537,526
538,527
539,528
540,529
541,530
542,531
543,532
544,533
545,534
546,535
547,536
548,536
549,537
550,538
551,539
552,540
553,541
554,542
555,543
556,544
557,545
558,546
559,547
560,548
561,549
562,550
563,551
564,552
565,553
566,554
567,555
568,556
569,557
570,558
571,559
572,560
573,561
574,562
575,563
576,564
577,565
578,566
579,567
580,568
581,569
582,570
583,571
584,572
585,573
586,574
587,575
588,576
589,577
590,578
591,579
592,580
593,581
594,582
595,583
596,584
597,585
598,586
599,587
600,588
601,589
602,590
603,591
604,592
605,593
606,594
607,595
608,596
609,596
610,597
611,598
612,599
613,600
614,601
615,602
616,603
617,604
618,605
619,606
620,607
621,608
622,609
623,610
624,611
625,612
626,613
627,614
628,615
629,616
630,617
631,618
632,619
633,620
634,621
635,622
636,623
637,624
638,625
639,626
640,627
641,628
642,629
643,630
644,631
645,632
646,633
647,634
648,635
649,636
650,637
651,638
652,639
653,640
654,640
655,641
656,642
657,643
658,644
659,645
660,646
661,647
662,648
663,649
664,650
665,651
666,651
667,652
668,653
669,654
670,655
671,656
672,657
673,658
674,659
675,660
676,661
677,662
678,663
679,664
680,665
681,666
682,667
683,668
684,669
685,670
686,671
687,672
688,673
689,674
690,675
691,676
692,677
693,678
694,678
695,679
696,680
697,681
698,682
699,683
700,684
701,685
702,686
703,687
704,688
705,689
706,690
707,691
708,692
709,693
710,694
711,695
712,696
713,696
714,697
715,698
716,699
717,700
718,701
719,702
720,703
721,704
722,705
723,706
724,707
725,708
726,709
727,710
728,711
729,712
730,713
731,714
732,715
733,716
734,717
735,718
736,719
737,720
738,721
739,722
740,723
741,724
742,725
743,726
744,727
745,728
746,729
747,730
748,731
749,732
750,733
751,734
752,735
753,736
754,737
755,738
756,739
757,740
758,741
759,742
760,743
761,744
762,745
763,746
764,747
765,748
766,749
767,750
768,751
769,752
770,753
771,754
772,755
773,756
774,757
775,758
776,759
777,760
778,761
779,762
780,763
781,764
782,765
783,766
784,767
785,768
786,769
787,770
788,771
789,772
790,773
791,774
792,775
793,776
794,777
795,778
796,779
797,780
798,781
799,782
800,783
801,784
802,785
803,786
804,787
805,788
806,789
807,790
808,791
809,792
810,793
811,794
812,795
813,796
814,797
815,798
816,799
817,800
818,801
819,802
820,803
821,804
822,805
823,806
824,807
825,808
826,809
827,810
828,811
829,812
830,813
831,814
832,815
833,816
834,817
835,818
836,819
837,820
838,821
839,822
840,822
841,823
842,824
843,825
844,826
845,826
846,827
847,828
848,829
849,830
850,831
851,832
852,833
853,834
854,835
855,835
856,836
857,837
858,838
859,839
860,840
861,841
862,842
863,843
864,844
865,845
866,846
867,847
868,848
869,849
870,850
871,851
872,852
873,853
874,854
875,855
876,856
877,857
878,858
879,859
880,860
881,861
882,862
883,863
884,864
885,865
886,866
887,866
888,867
889,868
890,869
891,870
892,871
893,871
894,872
895,873
896,874
897,875
898,876
899,877
900,877
901,878
902,879
903,880
904,881
905,882
906,883
907,884
908,885
909,886
910,887
911,888
912,889
913,890
914,891
915,892
916,893
917,894
918,895
919,896
920,897
921,898
922,899
923,900
924,901
925,902
926,903
927,904
928,905
929,906
930,907
931,908
932,909
933,910
934,911
935,912
936,913
937,914
938,915
939,916
940,917
941,918
942,919
943,920
944,921
945,922
946,923
947,924
948,925
949,926
950,927
951,928
952,929
953,930
954,931
955,932
956,933
957,934
958,935
959,936
960,937
961,938
962,939
963,940
964,941
965,942
966,943
967,944
968,945
969,946
970,947
971,948
972,949
973,950
974,951
975,952
976,953
977,954
978,955
979,956
980,957
981,958
982,959
983,960
984,961
985,962
986,962
987,963
988,963
989,964
990,965
991,966
992,967
993,968
994,969
995,970
996,971
997,972
998,973
999,974
1000,975
1001,976
1002,977
1003,978
1004,979
1005,980
1006,981
1007,982
1008,983
1009,984
1010,985
1011,986
1012,987
1013,988
1014,989
1015,990
1016,991
1017,992
1018,993
1019,994
1020,995
1021,996
1022,997
1023,998
1024,999
1025,1000
1026,1001
1027,1002
1028,1003
1029,1004
1030,1005
1031,1006
1032,1007
1033,1008
1034,1009
1035,1010
1036,1011
1037,1012
1038,1013
1039,1014
1040,1015
1041,1016
1042,1017
1043,1018
1044,1019
1045,1020
1046,1021
1047,1022
1048,1023
1049,1024
1050,1025
1051,1026
1052,1027
1053,1028
1054,1029
1055,1030
1056,1031
1057,1032
1058,1033
1059,1034
1060,1035
1061,1036
1062,1037
1063,1038
1064,1039
1065,1040
1066,1041
1067,1042
1068,1043
1069,1044
1070,1045
1071,1046
1072,1047
1073,1048
1074,1049
1075,1050
1076,1051
1077,1052
1078,1053
1079,1054
1080,1055
1081,1056
1082,1057
1083,1058
1084,1059
1085,1060
1086,1061
1087,1062
1088,1063
1089,1064
1090,1065
1091,1066
1092,1067
1093,1068
1094,1069
1095,1070
1096,1071
1097,1072
1098,1073
1099,1074
1100,1075
1101,1076
1102,1077
1103,1078
1104,1079
1105,1080
1106,1081
1107,1082
1108,1083
1109,1084
1110,1085
1111,1086
1112,1087
1113,1088
1114,1089
1115,1090
1116,1091
1117,1092
1118,1093
1119,1094
1120,1095
1121,1096
1122,1097
1123,1098
1124,1099
1125,1100
1126,1101
1127,1102
1128,1103
1129,1104
1130,1105
1131,1106
1132,1107
1133,1108
1134,1109
1135,1110
1136,1111
1137,1112
1138,1116
1139,1117
1140,1118
1141,1119
1142,1120
1143,1121
1144,1122
1145,1123
1146,1124
1147,1125
1148,1126
1149,1127
1150,1128
1151,1129
1152,1130
1153,1131
1154,1132
1155,1133
1156,1134
1157,1135
1158,1136
1159,1137
1160,1138
1161,1139
1162,1140
1163,1141
1164,1142
1165,1143
1166,1144
1167,1145
1168,1146
1169,1147
1170,1148
1171,1149
1172,1149
1173,1150
1174,1151
1175,1152
1176,1152
1177,1153
1178,1154
1179,1155
1180,1156
1181,1157
1182,1158
1183,1159
1184,1160
1185,1161
1186,1162
1187,1163
1188,1164
1189,1165
1190,1165
1191,1166
1192,1167
1193,1168
1194,1169
1195,1170
1196,1171
1197,1172
1198,1173
1199,1174
1200,1175
1201,1176
1202,1177
1203,1178
1204,1179
1205,1180
1206,1181
1207,1182
1208,1183
1209,1184
1210,1185
1211,1186
1212,1187
1213,1188
1214,1189
1215,1190
1216,1191
1217,1192
1218,1193
1219,1194
1220,1195
1221,1196
1222,1197
1223,1198
1224,1199
1225,1200
1226,1201
1227,1201
1228,1202
1229,1203
1230,1204
1231,1205
1232,1206
1233,1207
1234,1208
1235,1209
1236,1210
1237,1211
1238,1212
1239,1213
1240,1214
1241,1215
1242,1216
1243,1217
1244,1218
1245,1219
1246,1220
1247,1221
1248,1221
1249,1222
1250,1222
1251,1223
1252,1224
1253,1225
1254,1226
1255,1227
1256,1228
1257,1229
1258,1230
1259,1231
1260,1232
1261,1233
1262,1234
1263,1235
1264,1236
1265,1237
1266,1238
1267,1239
1268,1240
1269,1241
1270,1242
1271,1243
1272,1244
1273,1245
1274,1246
1275,1247
1276,1248
1277,1249
1278,1250
1279,1251
1280,1252
1281,1253
1282,1254
1283,1255
1284,1256
1285,1257
1286,1258
1287,1259
1288,1260
1289,1261
1290,1262
1291,1263
1292,1264
1293,1265
1294,1266
1295,1267
1296,1268
1297,1269
1298,1270
1299,1271
1300,1272
1301,1273
1302,1274
1303,1275
1304,1276
1305,1277
1306,1278
1307,1279
1308,1280
1309,1281
1310,1282
1311,1283
1312,1284
1313,1285
1314,1286
1315,1287
1316,1288
1317,1289
1318,1289
1319,1290
1320,1291
1321,1292
1322,1293
1323,1294
1324,1295
1325,1296
1326,1297
1327,1298
1328,1299
1329,1300
1330,1301
1331,1302
1332,1303
1333,1304
1334,1305
1335,1306
1336,1307
1337,1308
1338,1309
1339,1310
1340,1311
1341,1312
1342,1312
1343,1313
1344,1314
1345,1315
1346,1316
1347,1317
1348,1318
1349,1319
1350,1320
1351,1321
1352,1322
1353,1323
1354,1324
1355,1325
1356,1326
1357,1327
1358,1328
1359,1329
1360,1330
1361,1331
1362,1332
1363,1333
1364,1334
1365,1335
1366,1336
1367,1337
1368,1338
1369,1339
1370,1340
1371,1341
1372,1342
1373,1343
1374,1344
1375,1345
1376,1346
1377,1347
1378,1348
1379,1349
1380,1350
1381,1351
1382,1355
1383,1356
1384,1357
1385,1358
1386,1359
1387,1360
1388,1361
1389,1362
1390,1363
1391,1364
1392,1365
1393,1366
1394,1367
1395,1368
1396,1369
1397,1370
1398,1371
1399,1372
1400,1373
1401,1374
1402,1375
1403,1376
1404,1377
1405,1378
1406,1379
1407,1380
1408,1381
1409,1382
1410,1383
1411,1384
1412,1385
1413,1386
1414,1387
1415,1388
1416,1389
1417,1390
1418,1391
1419,1392
1420,1393
1421,1394
1422,1395
1423,1396
1424,1397
1425,1398
1426,1399
1427,1400
1428,1400
1429,1401
1430,1402
1431,1403
1432,1404
1433,1405
1434,1406
1435,1407
1436,1408
1437,1409
1438,1410
1439,1411
1440,1412
1441,1413
1442,1414
1443,1415
1444,1416
1445,1417
1446,1418
1447,1419
1448,1420
1449,1421
1450,1422
1451,1423
1452,1424
1453,1425
1454,1426
1455,1427
1456,1428
1457,1429
1458,1430
1459,1431
1460,1432
1461,1433
1462,1434
1463,1435
1464,1436
1465,1437
1466,1438
1467,1439
1468,1440
1469,1441
1470,1442
1471,1443
1472,1444
1473,1445
1474,1446
1475,1447
1476,1448
1477,1449
1478,1450
1479,1451
1480,1452
1481,1453
1482,1454
1483,1455
1484,1456
1485,1456
1486,1457
1487,1458
1488,1459
1489,1460
1490,1461
1491,1462
1492,1463
1493,1464
1494,1465
1495,1466
1496,1467
1497,1468
1498,1469
1499,1470
1500,1471
1501,1472
1502,1473
1503,1474
1504,1475
1505,1476
1506,1477
1507,1478
1508,1479
1509,1480
1510,1481
1511,1482
1512,1483
1513,1484
1514,1485
1515,1486
1516,1487
1517,1488
1518,1489
1519,1490
1520,1491
1521,1492
1522,1493
1523,1494
1524,1495
1525,1496
1526,1497
1527,1498
1528,1499
1529,1500
1530,1501
1531,1502
1532,1503
1533,1504
1534,1505
1535,1506
1536,1507
1537,1508
1538,1509
1539,1510
1540,1511
1541,1512
1542,1513
1543,1514
1544,1515
1545,1516
1546,1517
1547,1518
1548,1519
1549,1520
1550,1521
1551,1522
1552,1523
1553,1524
1554,1525
1555,1526
1556,1527
1557,1528
1558,1528
1559,1529
1560,1530
1561,1531
1562,1532
1563,1533
1564,1534
1565,1535
1566,1536
1567,1537
1568,1538
1569,1539
1570,1540
1571,1541
1572,1542
1573,1543
1574,1544
1575,1545
1576,1546
1577,1547
1578,1548
1579,1549
1580,1550
1581,1551
1582,1552
1583,1553
1584,1554
1585,1555
1586,1556
1587,1557
1588,1558
1589,1559
1590,1560
1591,1561
1592,1562
1593,1563
1594,1564
1595,1565
1596,1566
1597,1567
1598,1568
1599,1569
1600,1570
1601,1571
1602,1572
1603,1573
1604,1574
1605,1575
1606,1576
1607,1577
1608,1578
1609,1579
1610,1580
1611,1581
1612,1582
1613,1583
1614,1584
1615,1585
1616,1586
1617,1587
1618,1588
1619,1589
1620,1590
1621,1591
1622,1592
1623,1593
1624,1594
1625,1595
1626,1596
1627,1597
1628,1598
1629,1599
1630,1600
1631,1601
1632,1602
1633,1603
1634,1604
1635,1605
1636,1606
1637,1607
1638,1608
1639,1609
1640,1610
1641,1610
1642,1611
1643,1612
1644,1613
1645,1614
1646,1615
1647,1616
1648,1617
1649,1618
1650,1619
1651,1620
1652,1621
1653,1622
1654,1623
1655,1624
1656,1625
1657,1626
1658,1627
1659,1628
1660,1629
1661,1630
1662,1631
1663,1632
1664,1633
1665,1634
1666,1635
1667,1636
1668,1637
1669,1638
1670,1639
1671,1640
1672,1641
1673,1642
1674,1643
1675,1644
1676,1645
1677,1646
1678,1647
1679,1648
1680,1649
1681,1650
1682,1651
1683,1652
1684,1653
1685,1654
1686,1655
1687,1656
1688,1657
1689,1658
1690,1659
1691,1660
1692,1661
1693,1662
1694,1663
1695,1664
1696,1665
1697,1666
1698,1667
1699,1668
1700,1669
1701,1670
1702,1671
1703,1672
1704,1673
1705,1674
1706,1675
1707,1676
1708,1677
1709,1678
1710,1679
1711,1680
1712,1681
1713,1682
1714,1683
1715,1684
1716,1685
1717,1686
1718,1687
1719,1688
1720,1689
1721,1690
1722,1691
1723,1692
1724,1693
1725,1694
1726,1695
1727,1696
1728,1697
1729,1698
1730,1699
1731,1700
1732,1701
1733,1702
1734,1703
1735,1704
1736,1705
1737,1706
1738,1707
1739,1708
1740,1709
1741,1710
1742,1711
1743,1712
1744,1713
1745,1714
1746,1715
1747,1716
1748,1717
1749,1718
1750,1719
1751,1720
1752,1721
1753,1722
1754,1723
1755,1724
1756,1725
1757,1726
1758,1727
1759,1728
1760,1728
1761,1729
1762,1730
1763,1731
1764,1732
1765,1733
1766,1734
1767,1735
1768,1736
1769,1737
1770,1738
1771,1739
1772,1740
1773,1741
1774,1742
1775,1743
1776,1744
1777,1745
1778,1746
1779,1747
1780,1748
1781,1749
1782,1750
1783,1751
1784,1752
1785,1753
1786,1754
1787,1755
1788,1756
1789,1757
1790,1758
1791,1759
1792,1760
1793,1761
1794,1762
1795,1763
1796,1764
1797,1765
1798,1766
1799,1767
1800,1768
1801,1769
1802,1770
1803,1771
1804,1772
1805,1773
1806,1774
1807,1775
1808,1776
1809,1777
1810,1778
1811,1779
1812,1780
1813,1781
1814,1782
1815,1783
1816,1784
1817,1785
1818,1786
1819,1787
1820,1788
1821,1789
1822,1790
1823,1791
1824,1792
1825,1793
1826,1794
1827,1795
1828,1796
1829,1797
1830,1798
1831,1799
1832,1800
1833,1801
1834,1801
1835,1802
1836,1803
1837,1804
1838,1805
1839,1806
1840,1807
1841,1808
1842,1809
1843,1810
1844,1811
1845,1812
1846,1813
1847,1814
1848,1815
1849,1816
1850,1817
1851,1818
1852,1819
1853,1820
1854,1821
1855,1822
1856,1823
1857,1824
1858,1825
1859,1826
1860,1827
1861,1828
1862,1829
1863,1830
1864,1831
1865,1832
1866,1833
1867,1834
1868,1835
1869,1836
1870,1837
1871,1838
1872,1839
1873,1840
1874,1841
1875,1842
1876,1843
1877,1844
1878,1845
1879,1846
1880,1847
1881,1848
1882,1849
1883,1850
1884,1851
1885,1852
1886,1853
1887,1854
1888,1855
1889,1856
1890,1857
1891,1858
1892,1859
1893,1860
1894,1861
1895,1862
1896,1863
1897,1864
1898,1865
1899,1866
1900,1867
1901,1868
1902,1869
1903,1870
1904,1871
1905,1872
1906,1873
1907,1874
1908,1875
1909,1876
1910,1877
1911,1878
1912,1879
1913,1880
1914,1881
1915,1882
1916,1883
1917,1884
1918,1885
1919,1886
1920,1887
1921,1888
1922,1889
1923,1890
1924,1891
1925,1892
1926,1893
1927,1894
1928,1895
1929,1896
1930,1897
1931,1898
1932,1899
1933,1900
1934,1901
1935,1902
1936,1903
1937,1904
1938,1905
1939,1906
1940,1907
1941,1908
1942,1909
1943,1910
1944,1911
1945,1912
1946,1913
1947,1914
1948,1915
1949,1916
1950,1917
1951,1918
1952,1919
1953,1920
1954,1921
1955,1922
1956,1923
1957,1924
1958,1925
1959,1926
1960,1927
1961,1928
1962,1929
1963,1930
1964,1931
1965,1932
1966,1933
1967,1934
1968,1935
1969,1936
1970,1937
1971,1938
1972,1939
1973,1940
1974,1941
1975,1942
1976,1943
1977,1944
1978,1945
1979,1946
1980,1947
1981,1948
1982,1949
1983,1950
1984,1951
1985,1952
1986,1953
1987,1954
1988,1955
1989,1956
1990,1957
1991,1958
1992,1959
1993,1960
1994,1961
1995,1962
1996,1963
1997,1964
1998,1965
1999,1966
2000,1967
2001,1968
2002,1969
2003,1970
2004,1971
2005,1972
2006,1973
2007,1974
2008,1975
2009,1976
2010,1977
2011,1978
2012,1979
2013,1980
2014,1981
2015,1982
2016,1983
2017,1984
2018,1985
2019,1986
2020,1987
2021,1988
2022,1989
2023,1990
2024,1991
2025,1992
2026,1993
2027,1994
2028,1995
2029,1996
2030,1997
2031,1998
2032,1999
2033,2000
2034,2001
2035,2002
2036,2003
2037,2004
2038,2005
2039,2006
2040,2007
2041,2008
2042,2009
2043,2010
2044,2011
2045,2012
2046,2013
2047,2014
2048,2015
2049,2016
2050,2017
2051,2018
2052,2019
2053,2020
2054,2021
2055,2022
2056,2023
2057,2024
2058,2025
2059,2026
2060,2027
2061,2028
2062,2029
2063,2030
2064,2031
2065,2032
2066,2033
2067,2034
2068,2035
2069,2036
2070,2036
2071,2037
2072,2038
2073,2039
2074,2040
2075,2041
2076,2042
2077,2043
2078,2044
2079,2045
2080,2046
2081,2047
2082,2048
2083,2049
2084,2050
2085,2051
2086,2052
2087,2053
2088,2054
2089,2055
2090,2056
2091,2057
2092,2058
2093,2059
2094,2060
2095,2061
2096,2062
2097,2063
2098,2064
2099,2065
2100,2066
2101,2067
2102,2068
2103,2069
2104,2070
2105,2071
2106,2072
2107,2073
2108,2074
2109,2075
2110,2076
2111,2077
2112,2078
2113,2079
2114,2080
2115,2081
2116,2082
2117,2083
2118,2084
2119,2085
2120,2086
2121,2087
2122,2088
2123,2089
2124,2090
2125,2091
2126,2092
2127,2093
2128,2094
2129,2095
2130,2096
2131,2097
2132,2098
2133,2099
2134,2100
2135,2101
2136,2102
2137,2103
2138,2104
2139,2105
2140,2106
2141,2107
2142,2108
2143,2109
2144,2110
2145,2111
2146,2112
2147,2113
2148,2114
2149,2115
2150,2116
2151,2117
2152,2118
2153,2119
2154,2120
2155,2121
2156,2122
2157,2123
2158,2124
2159,2125
2160,2126
2161,2127
2162,2128
2163,2129
2164,2130
2165,2131
2166,2132
2167,2133
2168,2134
2169,2135
2170,2136
2171,2137
2172,2138
2173,2139
2174,2140
2175,2141
2176,2142
2177,2143
2178,2144
2179,2145
2180,2146
2181,2147
2182,2148
2183,2149
2184,2150
2185,2151
2186,2152
2187,2153
2188,2154
2189,2155
2190,2156
2191,2157
2192,2158
2193,2159
2194,2160
2195,2161
2196,2162
2197,2163
2198,2164
2199,2165
2200,2166
2201,2167
2202,2168
2203,2169
2204,2170
2205,2171
2206,2172
2207,2173
2208,2174
2209,2175
2210,2176
2211,2177
2212,2178
2213,2179
2214,2180
2215,2181
2216,2182
2217,2183
2218,2184
2219,2185
2220,2186
2221,2187
2222,2188
2223,2189
2224,2190
2225,2191
2226,2192
2227,2193
2228,2194
2229,2195
2230,2196
2231,2197
2232,2198
2233,2199
2234,2200
2235,2201
2236,2202
2237,2203
2238,2204
2239,2205
2240,2206
2241,2207
2242,2208
2243,2209
2244,2210
2245,2211
2246,2212
2247,2213
2248,2214
2249,2215
2250,2216
2251,2217
2252,2218
2253,2219
2254,2220
2255,2221
2256,2222
2257,2223
2258,2224
2259,2225
2260,2226
2261,2229
2262,2230
2263,2231
2264,2232
2265,2233
2266,2234
2267,2235
2268,2236
2269,2237
2270,2238
2271,2239
2272,2240
2273,2241
2274,2242
2275,2243
2276,2244
2277,2245
2278,2246
2279,2247
2280,2248
2281,2249
2282,2250
2283,2251
2284,2252
2285,2253
2286,2254
2287,2255
2288,2256
2289,2257
2290,2258
2291,2259
2292,2260
2293,2261
2294,2262
2295,2263
2296,2264
2297,2265
2298,2266
2299,2267
2300,2268
2301,2269
2302,2270
2303,2271
2304,2271
2305,2272
2306,2273
2307,2274
2308,2275
2309,2276
2310,2277
2311,2278
2312,2279
2313,2280
2314,2281
2315,2282
2316,2283
2317,2284
2318,2285
2319,2286
2320,2287
2321,2288
2322,2289
2323,2290
2324,2291
2325,2292
2326,2293
2327,2294
2328,2295
2329,2296
2330,2297
2331,2298
2332,2299
2333,2300
2334,2301
2335,2302
2336,2303
2337,2304
2338,2305
2339,2306
2340,2307
2341,2308
2342,2309
2343,2310
2344,2311
2345,2312
2346,2313
2347,2314
2348,2315
2349,2316
2350,2317
2351,2318
2352,2319
2353,2320
2354,2321
2355,2322
2356,2323
2357,2324
2358,2325
2359,2326
2360,2327
2361,2328
2362,2329
2363,2330
2364,2331
2365,2332
2366,2333
2367,2334
2368,2335
2369,2336
2370,2337
2371,2338
2372,2339
2373,2340
2374,2341
2375,2342
2376,2343
2377,2344
2378,2345
2379,2346
2380,2347
2381,2348
2382,2349
2383,2350
2384,2351
2385,2352
2386,2353
2387,2354
2388,2355
2389,2356
2390,2356
2391,2357
2392,2358
2393,2359
2394,2360
2395,2361
2396,2362
2397,2363
2398,2364
2399,2365
2400,2366
2401,2367
2402,2368
2403,2369
2404,2370
2405,2371
2406,2372
2407,2373
2408,2374
2409,2375
2410,2376
2411,2377
2412,2378
2413,2379
2414,2380
2415,2381
2416,2382
2417,2383
2418,2384
2419,2385
2420,2386
2421,2387
2422,2388
2423,2389
2424,2390
2425,2391
2426,2392
2427,2393
2428,2394
2429,2395
2430,2396
2431,2397
2432,2398
2433,2399
2434,2400
2435,2401
2436,2402
2437,2403
2438,2404
2439,2405
2440,2406
2441,2407
2442,2408
2443,2409
2444,2410
2445,2411
2446,2412
2447,2413
2448,2414
2449,2415
2450,2416
2451,2417
2452,2418
2453,2419
2454,2420
2455,2421
2456,2422
2457,2423
2458,2424
2459,2425
2460,2426
2461,2427
2462,2428
2463,2429
2464,2430
2465,2431
2466,2432
2467,2433
2468,2434
2469,2435
2470,2436
2471,2437
2472,2438
2473,2439
2474,2440
2475,2441
2476,2442
2477,2443
2478,2444
2479,2445
2480,2446
2481,2447
2482,2448
2483,2449
2484,2450
2485,2451
2486,2452
2487,2453
2488,2454
2489,2455
2490,2456
2491,2457
2492,2458
2493,2459
2494,2460
2495,2461
2496,2462
2497,2463
2498,2464
2499,2465
2500,2466
2501,2467
2502,2468
2503,2469
2504,2470
2505,2471
2506,2472
2507,2473
2508,2474
2509,2475
2510,2476
2511,2477
2512,2478
2513,2479
2514,2480
2515,2481
2516,2482
2517,2483
2518,2484
2519,2485
2520,2486
2521,2487
2522,2488
2523,2489
2524,2490
2525,2491
2526,2492
2527,2493
2528,2494
2529,2495
2530,2496
2531,2497
2532,2498
2533,2499
2534,2500
2535,2501
2536,2502
2537,2503
2538,2504
2539,2505
2540,2506
2541,2507
2542,2508
2543,2509
2544,2510
2545,2511
2546,2512
2547,2513
2548,2514
2549,2515
2550,2516
2551,2517
2552,2518
2553,2519
2554,2520
2555,2521
2556,2522
2557,2523
2558,2524
2559,2525
2560,2526
2561,2527
2562,2528
2563,2529
2564,2530
2565,2531
2566,2532
2567,2533
2568,2534
2569,2535
2570,2536
2571,2537
2572,2538
2573,2539
2574,2540
2575,2541
2576,2542
2577,2543
2578,2544
2579,2545
2580,2546
2581,2547
2582,2548
2583,2549
2584,2550
2585,2551
2586,2552
2587,2553
2588,2554
2589,2555
2590,2556
2591,2557
2592,2558
2593,2558
2594,2559
2595,2560
2596,2561
2597,2562
2598,2563
2599,2564
2600,2565
2601,2566
2602,2567
2603,2568
2604,2569
2605,2570
2606,2571
2607,2572
2608,2572
2609,2573
2610,2574
2611,2575
2612,2576
2613,2577
2614,2578
2615,2579
2616,2580
2617,2581
2618,2582
2619,2583
2620,2584
2621,2585
2622,2586
2623,2587
2624,2588
2625,2589
2626,2590
2627,2591
2628,2592
2629,2593
2630,2594
2631,2595
2632,2596
2633,2597
2634,2598
2635,2598
2636,2599
2637,2600
2638,2601
2639,2602
2640,2603
2641,2604
2642,2605
2643,2606
2644,2607
2645,2608
2646,2609
2647,2610
2648,2611
2649,2612
2650,2613
2651,2614
2652,2615
2653,2616
2654,2617
2655,2618
2656,2619
2657,2620
2658,2621
2659,2622
2660,2623
2661,2624
2662,2625
2663,2626
2664,2627
2665,2628
2666,2629
2667,2630
2668,2631
2669,2632
2670,2633
2671,2634
2672,2635
2673,2636
2674,2637
2675,2638
2676,2639
2677,2640
2678,2641
2679,2642
2680,2643
2681,2644
2682,2645
2683,2646
2684,2647
2685,2648
2686,2649
2687,2650
2688,2651
2689,2652
2690,2653
2691,2654
2692,2655
2693,2656
2694,2657
2695,2658
2696,2659
2697,2660
2698,2661
2699,2662
2700,2663
2701,2664
2702,2665
2703,2666
2704,2667
2705,2668
2706,2669
2707,2670
2708,2671
2709,2672
2710,2673
2711,2674
2712,2675
2713,2676
2714,2677
2715,2678
2716,2679
2717,2680
2718,2681
2719,2682
2720,2683
2721,2684
2722,2685
2723,2686
2724,2687
2725,2688
2726,2689
2727,2690
2728,2690
2729,2691
2730,2692
2731,2693
2732,2694
2733,2695
2734,2696
2735,2697
2736,2698
2737,2699
2738,2700
2739,2701
2740,2702
2741,2703
2742,2704
2743,2705
2744,2706
2745,2707
2746,2708
2747,2709
2748,2710
2749,2711
2750,2712
2751,2713
2752,2714
2753,2715
2754,2716
2755,2717
2756,2718
2757,2719
2758,2720
2759,2721
2760,2722
2761,2723
2762,2724
2763,2725
2764,2726
2765,2727
2766,2728
2767,2729
2768,2730
2769,2731
2770,2732
2771,2733
2772,2734
2773,2735
2774,2736
2775,2737
2776,2738
2777,2739
2778,2740
2779,2741
2780,2742
2781,2743
2782,2744
2783,2745
2784,2746
2785,2747
2786,2748
2787,2749
2788,2750
2789,2751
2790,2752
2791,2753
2792,2754
2793,2755
2794,2756
2795,2757
2796,2758
2797,2759
2798,2760
2799,2761
2800,2762
2801,2763
2802,2764
2803,2765
2804,2766
2805,2767
2806,2768
2807,2769
2808,2770
2809,2771
2810,2772
2811,2773
2812,2774
2813,2775
2814,2776
2815,2777
2816,2778
2817,2779
2818,2780
2819,2781
2820,2782
2821,2783
2822,2784
2823,2785
2824,2786
2825,2787
2826,2788
2827,2789
2828,2790
2829,2791
2830,2792
2831,2793
2832,2794
2833,2795
2834,2796
2835,2797
2836,2798
2837,2799
2838,2800
2839,2801
2840,2802
2841,2803
2842,2804
2843,2805
2844,2805
2845,2806
2846,2807
2847,2808
2848,2809
2849,2810
2850,2811
2851,2812
2852,2813
2853,2814
2854,2815
2855,2816
2856,2817
2857,2818
2858,2819
2859,2820
2860,2821
2861,2822
2862,2823
2863,2824
2864,2825
2865,2826
2866,2827
2867,2828
2868,2829
2869,2830
2870,2831
2871,2832
2872,2833
2873,2834
2874,2835
2875,2836
2876,2837
2877,2838
2878,2839
2879,2840
2880,2841
2881,2842
2882,2843
2883,2844
2884,2845
2885,2846
2886,2847
2887,2848
2888,2849
2889,2850
2890,2851
2891,2852
2892,2853
2893,2854
2894,2855
2895,2856
2896,2857
2897,2858
2898,2859
2899,2860
2900,2861
2901,2862
2902,2863
2903,2864
2904,2865
2905,2866
2906,2867
2907,2868
2908,2869
2909,2870
2910,2871
2911,2872
2912,2873
2913,2874
2914,2875
2915,2876
2916,2877
2917,2878
2918,2879
2919,2880
2920,2881
2921,2882
2922,2883
2923,2884
2924,2885
2925,2886
2926,2887
2927,2888
2928,2889
2929,2890
2930,2891
2931,2892
2932,2893
2933,2894
2934,2895
2935,2896
2936,2897
2937,2897
2938,2898
2939,2899
2940,2900
2941,2901
2942,2902
2943,2903
2944,2904
2945,2905
2946,2906
2947,2907
2948,2908
2949,2909
2950,2910
2951,2911
2952,2912
2953,2913
2954,2914
2955,2915
2956,2916
2957,2917
2958,2918
2959,2919
2960,2920
2961,2921
2962,2922
2963,2923
2964,2924
2965,2925
2966,2926
2967,2927
2968,2928
2969,2929
2970,2930
2971,2931
2972,2932
2973,2933
2974,2934
2975,2935
2976,2936
2977,2937
2978,2938
2979,2939
2980,2940
2981,2941
2982,2942
2983,2943
2984,2944
2985,2945
2986,2946
2987,2947
2988,2948
2989,2949
2990,2950
2991,2951
2992,2952
2993,2953
2994,2954
2995,2955
2996,2956
2997,2957
2998,2958
2999,2959
3000,2960
3001,2961
3002,2962
3003,2963
3004,2964
3005,2965
3006,2966
3007,2967
3008,2968
3009,2969
3010,2970
3011,2971
3012,2972
3013,2973
3014,2974
3015,2975
3016,2976
3017,2977
3018,2978
3019,2979
3020,2980
3021,2981
3022,2982
3023,2983
3024,2984
3025,2985
3026,2986
3027,2987
3028,2988
3029,2989
3030,2990
3031,2991
3032,2992
3033,2993
3034,2994
3035,2995
3036,2996
3037,2997
3038,2998
3039,2999
3040,3000
3041,3001
3042,3002
3043,3003
3044,3004
3045,3005
3046,3006
3047,3007
3048,3008
3049,3009
3050,3010
3051,3011
3052,3012
3053,3013
3054,3014
3055,3015
3056,3016
3057,3017
3058,3018
3059,3019
3060,3020
3061,3021
3062,3022
3063,3023
3064,3024
3065,3025
3066,3026
3067,3027
3068,3028
3069,3029
3070,3030
3071,3031
3072,3032
3073,3033
3074,3034
3075,3035
3076,3036
3077,3037
3078,3038
3079,3039
3080,3040
3081,3041
3082,3042
3083,3043
3084,3044
3085,3045
3086,3046
3087,3047
3088,3048
3089,3049
3090,3050
3091,3051
3092,3052
3093,3053
3094,3054
3095,3055
3096,3056
3097,3057
3098,3058
3099,3059
3100,3060
3101,3061
3102,3062
3103,3063
3104,3064
3105,3065
3106,3066
3107,3067
3108,3068
3109,3069
3110,3070
3111,3071
3112,3072
3113,3073
3114,3074
3115,3075
3116,3076
3117,3077
3118,3078
3119,3079
3120,3080
3121,3081
3122,3082
3123,3083
3124,3084
3125,3085
3126,3086
3127,3087
3128,3088
3129,3089
3130,3090
3131,3091
3132,3092
3133,3093
3134,3094
3135,3095
3136,3096
3137,3097
3138,3098
3139,3099
3140,3100
3141,3101
3142,3102
3143,3103
3144,3104
3145,3105
3146,3106
3147,3107
3148,3108
3149,3109
3150,3110
3151,3111
3152,3112
3153,3113
3154,3114
3155,3115
3156,3116
3157,3117
3158,3118
3159,3119
3160,3120
3161,3121
3162,3122
3163,3123
3164,3124
3165,3125
3166,3126
3167,3127
3168,3128
3169,3129
3170,3130
3171,3131
3172,3131
3173,3132
3174,3133
3175,3134
3176,3135
3177,3136
3178,3137
3179,3138
3180,3139
3181,3140
3182,3141
3183,3141
3184,3142
3185,3143
3186,3144
3187,3145
3188,3146
3189,3147
3190,3148
3191,3149
3192,3150
3193,3151
3194,3152
3195,3153
3196,3154
3197,3155
3198,3156
3199,3157
3200,3158
3201,3159
3202,3160
3203,3161
3204,3162
3205,3163
3206,3164
3207,3165
3208,3166
3209,3167
3210,3168
3211,3169
3212,3170
3213,3171
3214,3172
3215,3173
3216,3174
3217,3175
3218,3176
3219,3177
3220,3178
3221,3179
3222,3180
3223,3181
3224,3182
3225,3183
3226,3184
3227,3185
3228,3186
3229,3187
3230,3188
3231,3189
3232,3190
3233,3191
3234,3192
3235,3193
3236,3194
3237,3195
3238,3196
3239,3197
3240,3198
3241,3199
3242,3200
3243,3201
3244,3202
3245,3203
3246,3204
3247,3205
3248,3206
3249,3207
3250,3208
3251,3209
3252,3210
3253,3211
3254,3212
3255,3213
3256,3214
3257,3215
3258,3216
3259,3217
3260,3218
3261,3219
3262,3220
3263,3221
3264,3222
3265,3223
3266,3224
3267,3225
3268,3226
3269,3227
3270,3228
3271,3229
3272,3230
3273,3231
3274,3232
3275,3233
3276,3234
3277,3235
3278,3236
3279,3237
3280,3238
3281,3239
3282,3240
3283,3241
3284,3242
3285,3243
3286,3244
3287,3245
3288,3246
3289,3247
3290,3248
3291,3249
3292,3250
3293,3251
3294,3252
3295,3253
3296,3254
3297,3255
3298,3256
3299,3257
3300,3258
3301,3259
3302,3260
3303,3261
3304,3262
3305,3262
3306,3263
3307,3264
3308,3265
3309,3266
3310,3267
3311,3268
3312,3269
3313,3270
3314,3271
3315,3272
3316,3273
3317,3274
3318,3275
3319,3276
3320,3277
3321,3278
3322,3279
3323,3280
3324,3281
3325,3282
3326,3283
3327,3284
3328,3285
3329,3286
3330,3287
3331,3288
3332,3289
3333,3290
3334,3291
3335,3292
3336,3293
3337,3294
3338,3295
3339,3296
3340,3297
3341,3298
3342,3299
3343,3300
3344,3301
3345,3302
3346,3303
3347,3304
3348,3305
3349,3306
3350,3307
3351,3308
3352,3309
3353,3310
3354,3311
3355,3312
3356,3313
3357,3313
3358,3314
3359,3314
3360,3315
3361,3316
3362,3317
3363,3318
3364,3319
3365,3320
3366,3321
3367,3322
3368,3323
3369,3324
3370,3325
3371,3326
3372,3327
3373,3328
3374,3329
3375,3330
3376,3331
3377,3332
3378,3333
3379,3334
3380,3335
3381,3336
3382,3337
3383,3338
3384,3339
3385,3340
3386,3341
3387,3342
3388,3343
3389,3344
3390,3345
3391,3346
3392,3347
3393,3348
3394,3349
3395,3350
3396,3351
3397,3352
3398,3353
3399,3354
3400,3355
3401,3356
3402,3357
3403,3358
3404,3359
3405,3360
3406,3361
3407,3362
3408,3363
3409,3364
3410,3365
3411,3366
3412,3367
3413,3368
3414,3369
3415,3370
3416,3371
3417,3372
3418,3373
3419,3374
3420,3374
3421,3375
3422,3376
3423,3377
3424,3378
3425,3379
3426,3380
3427,3381
3428,3382
3429,3383
3430,3384
3431,3385
3432,3386
3433,3387
3434,3388
3435,3389
3436,3390
3437,3391
3438,3392
3439,3393
3440,3394
3441,3395
3442,3396
3443,3396
3444,3397
3445,3398
3446,3399
3447,3400
3448,3401
3449,3402
3450,3403
3451,3403
3452,3404
3453,3405
3454,3406
3455,3407
3456,3408
3457,3409
3458,3410
3459,3411
3460,3412
3461,3413
3462,3414
3463,3415
3464,3416
3465,3417
3466,3418
3467,3419
3468,3420
3469,3421
3470,3422
3471,3423
3472,3424
3473,3425
3474,3426
3475,3427
3476,3428
3477,3429
3478,3430
3479,3431
3480,3431
3481,3432
3482,3433
3483,3434
3484,3435
3485,3436
3486,3437
3487,3438
3488,3439
3489,3440
3490,3441
3491,3442
3492,3443
3493,3444
3494,3445
3495,3446
3496,3447
3497,3448
3498,3449
3499,3450
3500,3451
3501,3452
3502,3453
3503,3454
3504,3455
3505,3456
3506,3457
3507,3458
3508,3459
3509,3460
3510,3461
3511,3462
3512,3463
3513,3464
3514,3465
3515,3466
3516,3467
3517,3468
3518,3469
3519,3470
3520,3471
3521,3472
3522,3473
3523,3474
3524,3475
3525,3476
3526,3477
3527,3478
3528,3479
3529,3480
3530,3481
3531,3482
3532,3483
3533,3484
3534,3485
3535,3486
3536,3487
3537,3488
3538,3489
3539,3490
3540,3491
3541,3492
3542,3493
3543,3494
3544,3495
3545,3496
3546,3497
3547,3498
3548,3499
3549,3500
3550,3501
3551,3502
3552,3503
3553,3504
3554,3505
3555,3506
3556,3507
3557,3508
3558,3509
3559,3510
3560,3511
3561,3512
3562,3513
3563,3514
3564,3515
3565,3516
3566,3517
3567,3518
3568,3519
3569,3520
3570,3521
3571,3522
3572,3523
3573,3524
3574,3525
3575,3526
3576,3527
3577,3528
3578,3529
3579,3530
3580,3531
3581,3532
3582,3533
3583,3534
3584,3535
3585,3536
3586,3537
3587,3538
3588,3539
3589,3540
3590,3541
3591,3542
3592,3543
3593,3544
3594,3545
3595,3546
3596,3547
3597,3548
3598,3549
3599,3550
3600,3551
3601,3552
3602,3553
3603,3554
3604,3555
3605,3556
3606,3557
3607,3558
3608,3559
3609,3560
3610,3560
3611,3561
3612,3562
3613,3563
3614,3564
3615,3565
3616,3566
3617,3566
3618,3567
3619,3568
3620,3569
3621,3570
3622,3571
3623,3572
3624,3573
3625,3574
3626,3575
3627,3576
3628,3577
3629,3578
3630,3579
3631,3580
3632,3581
3633,3582
3634,3583
3635,3584
3636,3585
3637,3586
3638,3587
3639,3588
3640,3589
3641,3590
3642,3591
3643,3592
3644,3593
3645,3594
3646,3595
3647,3596
3648,3597
3649,3598
3650,3599
3651,3600
3652,3601
3653,3602
3654,3603
3655,3604
3656,3605
3657,3606
3658,3607
3659,3608
3660,3609
3661,3610
3662,3611
3663,3612
3664,3613
3665,3614
3666,3615
3667,3616
3668,3617
3669,3618
3670,3619
3671,3620
3672,3621
3673,3622
3674,3623
3675,3624
3676,3625
3677,3626
3678,3627
3679,3628
3680,3629
3681,3630
3682,3631
3683,3632
3684,3633
3685,3634
3686,3635
3687,3636
3688,3637
3689,3638
3690,3639
3691,3640
3692,3641
3693,3642
3694,3643
3695,3644
3696,3645
3697,3646
3698,3647
3699,3648
3700,3649
3701,3649
3702,3650
3703,3651
3704,3652
3705,3653
3706,3654
3707,3655
3708,3656
3709,3657
3710,3658
3711,3659
3712,3660
3713,3661
3714,3662
3715,3662
3716,3663
3717,3664
3718,3665
3719,3666
3720,3667
3721,3668
3722,3669
3723,3670
3724,3671
3725,3672
3726,3673
3727,3674
3728,3675
3729,3676
3730,3676
3731,3677
3732,3678
3733,3679
3734,3680
3735,3681
3736,3682
3737,3683
3738,3684
3739,3685
3740,3686
3741,3687
3742,3688
3743,3689
3744,3690
3745,3690
3746,3691
3747,3692
3748,3693
3749,3694
3750,3695
3751,3696
3752,3697
3753,3698
3754,3699
3755,3700
3756,3701
3757,3702
3758,3703
3759,3704
3760,3705
3761,3706
3762,3707
3763,3708
3764,3709
3765,3710
3766,3711
3767,3712
3768,3713
3769,3714
3770,3715
3771,3716
3772,3717
3773,3718
3774,3719
3775,3720
3776,3721
3777,3722
3778,3723
3779,3724
3780,3725
3781,3726
3782,3727
3783,3728
3784,3729
3785,3730
3786,3731
3787,3732
3788,3733
3789,3734
3790,3735
3791,3736
3792,3737
3793,3738
3794,3739
3795,3740
3796,3741
3797,3742
3798,3743
3799,3744
3800,3745
3801,3746
3802,3747
3803,3748
3804,3749
3805,3750
3806,3751
3807,3752
3808,3753
3809,3754
3810,3755
3811,3756
3812,3757
3813,3758
3814,3759
3815,3760
3816,3761
3817,3762
3818,3763
3819,3764
3820,3765
3821,3766
3822,3767
3823,3768
3824,3769
3825,3770
3826,3771
3827,3772
3828,3773
3829,3774
3830,3775
3831,3776
3832,3777
3833,3778
3834,3779
3835,3780
3836,3781
3837,3782
3838,3783
3839,3784
3840,3785
3841,3786
3842,3787
3843,3788
3844,3789
3845,3790
3846,3791
3847,3792
3848,3793
3849,3794
3850,3795
3851,3796
3852,3797
3853,3798
3854,3799
3855,3800
3856,3801
3857,3802
3858,3803
3859,3804
3860,3805
3861,3806
3862,3807
3863,3808
3864,3809
3865,3810
3866,3811
3867,3812
3868,3813
3869,3814
3870,3815
3871,3816
3872,3817
3873,3818
3874,3819
3875,3820
3876,3821
3877,3822
3878,3823
3879,3824
3880,3825
3881,3826
3882,3826
3883,3827
3884,3828
3885,3829
3886,3830
3887,3831
3888,3832
3889,3833
3890,3834
3891,3835
3892,3836
3893,3837
3894,3838
3895,3839
3896,3840
3897,3841
3898,3842
3899,3843
3900,3844
3901,3845
3902,3846
3903,3847
3904,3848
3905,3849
3906,3850
3907,3851
3908,3852
3909,3853
3910,3854
3911,3855
3912,3856
3913,3857
3914,3858
3915,3859
3916,3860
3917,3861
3918,3862
3919,3863
3920,3864
3921,3865
3922,3866
3923,3867
3924,3868
3925,3869
3926,3870
3927,3871
3928,3872
3929,3873
3930,3874
3931,3875
3932,3876
3933,3877
3934,3878
3935,3879
3936,3880
3937,3881
3938,3881
3939,3882
3940,3883
3941,3884
3942,3885
3943,3886
3944,3887
3945,3888
3946,3889
3947,3890
3948,3891
3949,3892
3950,3893
3951,3894
3952,3895
3953,3896
3954,3897
3955,3898
3956,3899
3957,3899
3958,3900
3959,3901
3960,3902
3961,3903
3962,3904
3963,3905
3964,3906
3965,3907
3966,3908
3967,3909
3968,3910
3969,3911
3970,3912
3971,3913
3972,3914
3973,3915
3974,3916
3975,3917
3976,3918
3977,3919
3978,3920
3979,3921
3980,3922
3981,3923
3982,3924
3983,3925
3984,3926
3985,3927
3986,3928
3987,3929
3988,3930
3989,3931
3990,3932
3991,3933
3992,3934
3993,3935
3994,3936
3995,3937
3996,3938
3997,3939
3998,3940
3999,3941
4000,3942
4001,3943
4002,3944
4003,3945
4004,3946
4005,3947
4006,3948
4007,3949
4008,3950
4009,3951
4010,3952
4011,3953
4012,3954
4013,3955
4014,3956
4015,3957
4016,3958
4017,3959
4018,3960
4019,3960
4020,3961
4021,3962
4022,3963
4023,3964
4024,3965
4025,3966
4026,3967
4027,3968
4028,3969
4029,3970
4030,3971
4031,3972
4032,3973
4033,3974
4034,3975
4035,3976
4036,3977
4037,3978
4038,3979
4039,3980
4040,3981
4041,3982
4042,3983
4043,3984
4044,3985
4045,3986
4046,3987
4047,3988
4048,3989
4049,3990
4050,3991
4051,3992
4052,3993
4053,3994
4054,3995
4055,3996
4056,3997
4057,3998
4058,3999
4059,4000
4060,4001
4061,4002
4062,4003
4063,4004
4064,4005
4065,4006
4066,4007
4067,4007
4068,4008
4069,4009
4070,4010
4071,4011
4072,4012
4073,4013
4074,4014
4075,4015
4076,4015
4077,4016
4078,4017
4079,4018
4080,4019
4081,4020
4082,4021
4083,4022
4084,4023
4085,4023
4086,4024
4087,4025
4088,4026
4089,4027
4090,4028
4091,4029
4092,4030
4093,4031
4094,4032
4095,4033
4096,4034
4097,4035
4098,4036
4099,4037
4100,4038
4101,4039
4102,4040
4103,4041
4104,4042
4105,4043
4106,4044
4107,4045
4108,4046
4109,4047
4110,4048
4111,4049
4112,4050
4113,4051
4114,4052
4115,4053
4116,4054
4117,4055
4118,4055
4119,4056
4120,4057
4121,4058
4122,4059
4123,4060
4124,4061
4125,4062
4126,4063
4127,4064
4128,4065
4129,4066
4130,4067
4131,4068
4132,4069
4133,4070
4134,4071
4135,4072
4136,4073
4137,4074
4138,4075
4139,4076
4140,4077
4141,4078
4142,4079
4143,4080
4144,4081
4145,4082
4146,4083
4147,4084
4148,4085
4149,4086
4150,4087
4151,4088
4152,4089
4153,4090
4154,4091
4155,4092
4156,4093
4157,4094
4158,4095
4159,4096
4160,4097
4161,4098
4162,4099
4163,4100
4164,4101
4165,4102
4166,4103
4167,4104
4168,4104
4169,4105
4170,4106
4171,4107
4172,4108
4173,4109
4174,4110
4175,4111
4176,4112
4177,4113
4178,4114
4179,4115
4180,4116
4181,4117
4182,4118
4183,4119
4184,4120
4185,4121
4186,4122
4187,4123
4188,4124
4189,4125
4190,4126
4191,4127
4192,4128
4193,4129
4194,4130
4195,4131
4196,4132
4197,4133
4198,4134
4199,4135
4200,4136
4201,4137
4202,4138
4203,4139
4204,4140
4205,4141
4206,4142
4207,4143
4208,4144
4209,4145
4210,4146
4211,4147
4212,4148
4213,4149
4214,4150
4215,4151
4216,4152
4217,4153
4218,4154
4219,4155
4220,4156
4221,4157
4222,4158
4223,4159
4224,4160
4225,4161
4226,4162
4227,4163
4228,4164
4229,4165
4230,4166
4231,4167
4232,4168
4233,4169
4234,4170
4235,4171
4236,4172
4237,4173
4238,4174
4239,4175
4240,4176
4241,4177
4242,4178
4243,4179
4244,4180
4245,4181
4246,4182
4247,4183
4248,4184
4249,4185
4250,4186
4251,4187
4252,4188
4253,4189
4254,4190
4255,4191
4256,4192
4257,4193
4258,4194
4259,4195
4260,4196
4261,4197
4262,4198
4263,4199
4264,4200
4265,4201
4266,4202
4267,4203
4268,4204
4269,4205
4270,4206
4271,4207
4272,4208
4273,4209
4274,4210
4275,4211
4276,4212
4277,4213
4278,4214
4279,4215
4280,4216
4281,4217
4282,4218
4283,4219
4284,4220
4285,4221
4286,4222
4287,4223
4288,4224
4289,4225
4290,4226
4291,4227
4292,4228
4293,4229
4294,4230
4295,4231
4296,4232
4297,4233
4298,4234
4299,4235
4300,4236
4301,4237
4302,4238
4303,4239
4304,4240
4305,4241
4306,4242
4307,4243
4308,4244
4309,4245
4310,4246
4311,4247
4312,4248
4313,4249
4314,4250
4315,4251
4316,4252
4317,4253
4318,4254
4319,4255
4320,4256
4321,4257
4322,4258
4323,4259
4324,4260
4325,4261
4326,4262
4327,4263
4328,4264
4329,4265
4330,4266
4331,4267
4332,4268
4333,4269
4334,4270
4335,4271
4336,4272
4337,4273
4338,4274
4339,4275
4340,4276
4341,4277
4342,4278
4343,4279
4344,4280
4345,4281
4346,4282
4347,4283
4348,4284
4349,4285
4350,4286
4351,4287
4352,4288
4353,4289
4354,4290
4355,4291
4356,4292
4357,4293
4358,4294
4359,4295
4360,4296
4361,4297
4362,4298
4363,4299
4364,4300
4365,4301
4366,4302
4367,4303
4368,4304
4369,4305
4370,4306
4371,4307
4372,4308
4373,4309
4374,4310
4375,4311
4376,4312
4377,4313
4378,4314
4379,4315
4380,4316
4381,4317
4382,4318
4383,4319
4384,4320
4385,4321
4386,4322
4387,4323
4388,4324
4389,4325
4390,4326
4391,4326
4392,4327
4393,4328
4394,4328
4395,4329
4396,4330
4397,4331
4398,4332
4399,4333
4400,4334
4401,4335
4402,4335
4403,4336
4404,4337
4405,4338
4406,4339
4407,4340
4408,4341
4409,4342
4410,4343
4411,4344
4412,4345
4413,4346
4414,4347
4415,4348
4416,4349
4417,4350
4418,4351
4419,4352
4420,4353
4421,4354
4422,4355
4423,4356
4424,4357
4425,4358
4426,4359
4427,4360
4428,4361
4429,4362
4430,4363
4431,4364
4432,4365
4433,4366
4434,4367
4435,4368
4436,4369
4437,4370
4438,4371
4439,4372
4440,4373
4441,4374
4442,4375
4443,4376
4444,4377
4445,4378
4446,4379
4447,4380
4448,4381
4449,4382
4450,4383
4451,4384
4452,4384
4453,4385
4454,4386
4455,4387
4456,4388
4457,4389
4458,4390
4459,4391
4460,4392
4461,4393
4462,4394
4463,4395
4464,4396
4465,4397
4466,4398
4467,4399
4468,4400
4469,4401
4470,4402
4471,4403
4472,4404
4473,4405
4474,4406
4475,4407
4476,4408
4477,4409
4478,4410
4479,4411
4480,4412
4481,4413
4482,4414
4483,4415
4484,4416
4485,4417
4486,4418
4487,4419
4488,4420
4489,4421
4490,4422
4491,4423
4492,4424
4493,4425
4494,4426
4495,4427
4496,4428
4497,4429
4498,4430
4499,4431
4500,4432
4501,4433
4502,4434
4503,4435
4504,4436
4505,4437
4506,4438
4507,4439
4508,4440
4509,4441
4510,4442
4511,4443
4512,4444
4513,4445
4514,4446
4515,4447
4516,4448
4517,4449
4518,4450
4519,4451
4520,4452
4521,4453
4522,4454
4523,4455
4524,4456
4525,4457
4526,4457
4527,4457
4528,4458
4529,4459
4530,4460
4531,4461
4532,4462
4533,4463
4534,4464
4535,4464
4536,4465
4537,4466
4538,4467
4539,4468
4540,4469
4541,4470
4542,4471
4543,4472
4544,4473
4545,4474
4546,4475
4547,4476
4548,4477
4549,4478
4550,4479
4551,4480
4552,4481
4553,4482
4554,4483
4555,4484
4556,4485
4557,4486
4558,4487
4559,4488
4560,4489
4561,4490
4562,4491
4563,4492
4564,4493
4565,4494
4566,4495
4567,4496
4568,4497
4569,4498
4570,4499
4571,4500
4572,4501
4573,4502
4574,4503
4575,4504
4576,4505
4577,4506
4578,4507
4579,4508
4580,4509
4581,4510
4582,4511
4583,4512
4584,4513
4585,4514
4586,4515
4587,4516
4588,4516
4589,4517
4590,4518
4591,4519
4592,4520
4593,4521
4594,4522
4595,4523
4596,4524
4597,4525
4598,4526
4599,4527
4600,4528
4601,4529
4602,4530
4603,4531
4604,4532
4605,4533
4606,4534
4607,4535
4608,4536
4609,4537
4610,4538
4611,4539
4612,4540
4613,4541
4614,4542
4615,4543
4616,4544
4617,4545
4618,4546
4619,4547
4620,4548
4621,4549
4622,4550
4623,4551
4624,4552
4625,4553
4626,4554
4627,4555
4628,4556
4629,4557
4630,4558
4631,4559
4632,4560
4633,4561
4634,4562
4635,4563
4636,4564
4637,4565
4638,4566
4639,4567
4640,4568
4641,4569
4642,4570
4643,4571
4644,4572
4645,4573
4646,4574
4647,4575
4648,4576
4649,4577
4650,4578
4651,4579
4652,4580
4653,4581
4654,4582
4655,4583
4656,4584
4657,4585
4658,4586
4659,4587
4660,4588
4661,4589
4662,4590
4663,4591
4664,4592
4665,4592
4666,4593
4667,4594
4668,4595
4669,4596
4670,4597
4671,4598
4672,4599
4673,4600
4674,4601
4675,4602
4676,4603
4677,4604
4678,4605
4679,4606
4680,4607
4681,4608
4682,4609
4683,4610
4684,4611
4685,4612
4686,4613
4687,4614
4688,4615
4689,4616
4690,4617
4691,4618
4692,4618
4693,4619
4694,4620
4695,4621
4696,4622
4697,4623
4698,4624
4699,4625
4700,4626
4701,4627
4702,4628
4703,4629
4704,4630
4705,4631
4706,4632
4707,4633
4708,4634
4709,4635
4710,4636
4711,4637
4712,4637
4713,4638
4714,4639
4715,4640
4716,4641
4717,4642
4718,4643
4719,4644
4720,4645
4721,4646
4722,4647
4723,4648
4724,4649
4725,4650
4726,4651
4727,4652
4728,4653
4729,4654
4730,4655
4731,4656
4732,4657
4733,4658
4734,4659
4735,4660
4736,4661
4737,4662
4738,4663
4739,4664
4740,4665
4741,4666
4742,4667
4743,4668
4744,4669
4745,4669
4746,4670
4747,4671
4748,4671
4749,4672
4750,4673
4751,4674
4752,4675
4753,4676
4754,4677
4755,4678
4756,4679
4757,4679
4758,4680
4759,4681
4760,4682
4761,4683
4762,4684
4763,4685
4764,4686
4765,4687
4766,4688
4767,4689
4768,4690
4769,4691
4770,4692
4771,4693
4772,4694
4773,4695
4774,4696
4775,4697
4776,4698
4777,4699
4778,4700
4779,4701
4780,4702
4781,4703
4782,4704
4783,4705
4784,4706
4785,4707
4786,4708
4787,4709
4788,4710
4789,4711
4790,4712
4791,4713
4792,4714
4793,4715
4794,4716
4795,4717
4796,4718
4797,4719
4798,4720
4799,4721
4800,4722
4801,4723
4802,4724
4803,4725
4804,4726
4805,4727
4806,4728
4807,4729
4808,4730
4809,4731
4810,4732
4811,4733
4812,4734
4813,4735
4814,4736
4815,4737
4816,4738
4817,4739
4818,4740
4819,4741
4820,4742
4821,4743
4822,4744
4823,4745
4824,4746
4825,4747
4826,4748
4827,4749
4828,4750
4829,4751
4830,4752
4831,4753
4832,4754
4833,4755
4834,4756
4835,4757
4836,4758
4837,4759
4838,4760
4839,4761
4840,4762
4841,4763
4842,4764
4843,4765
4844,4766
4845,4767
4846,4768
4847,4769
4848,4770
4849,4771
4850,4772
4851,4773
4852,4774
4853,4775
4854,4776
4855,4777
4856,4778
4857,4779
4858,4780
4859,4781
4860,4782
4861,4783
4862,4784
4863,4785
4864,4786
4865,4787
4866,4788
4867,4789
4868,4790
4869,4791
4870,4792
4871,4793
4872,4794
4873,4795
4874,4796
4875,4797
4876,4798
4877,4799
4878,4800
4879,4801
4880,4802
4881,4803
4882,4804
4883,4805
4884,4806
4885,4807
4886,4808
4887,4809
4888,4810
4889,4810
4890,4811
4891,4812
4892,4813
4893,4814
4894,4815
4895,4816
4896,4817
4897,4818
4898,4818
4899,4819
4900,4820
4901,4821
4902,4822
4903,4823
4904,4824
4905,4825
4906,4826
4907,4827
4908,4828
4909,4829
4910,4830
4911,4831
4912,4832
4913,4833
4914,4834
4915,4835
4916,4836
4917,4837
4918,4838
4919,4839
4920,4840
4921,4841
4922,4842
4923,4843
4924,4844
4925,4845
4926,4846
4927,4847
4928,4848
4929,4849
4930,4850
4931,4851
4932,4852
4933,4853
4934,4854
4935,4855
4936,4856
4937,4857
4938,4858
4939,4859
4940,4860
4941,4861
4942,4862
4943,4863
4944,4864
4945,4865
4946,4866
4947,4867
4948,4868
4949,4869
4950,4870
4951,4871
4952,4872
4953,4873
4954,4874
4955,4875
4956,4876
4957,4877
4958,4878
4959,4879
4960,4880
4961,4881
4962,4882
4963,4883
4964,4884
4965,4885
4966,4886
4967,4887
4968,4888
4969,4889
4970,4890
4971,4891
4972,4892
4973,4893
4974,4894
4975,4895
4976,4896
4977,4897
4978,4898
4979,4899
4980,4900
4981,4901
4982,4902
4983,4903
4984,4904
4985,4905
4986,4906
4987,4907
4988,4908
4989,4909
4990,4910
4991,4911
4992,4912
4993,4913
4994,4914
4995,4915
4996,4916
4997,4917
4998,4918
4999,4919
5000,4920
5001,4921
5002,4922
5003,4923
5004,4924
5005,4925
5006,4926
5007,4927
5008,4928
5009,4929
5010,4930
5011,4931
5012,4932
5013,4933
5014,4934
5015,4935
5016,4936
5017,4937
5018,4938
5019,4939
5020,4940
5021,4941
5022,4942
5023,4943
5024,4944
5025,4945
5026,4946
5027,4947
5028,4948
5029,4949
5030,4950
5031,4951
5032,4952
5033,4953
5034,4954
5035,4955
5036,4956
5037,4957
5038,4958
5039,4959
5040,4960
5041,4961
5042,4962
5043,4963
5044,4964
5045,4965
5046,4966
5047,4967
5048,4968
5049,4969
5050,4970
5051,4971
5052,4972
5053,4973
5054,4974
5055,4975
5056,4976
5057,4977
5058,4978
5059,4979
5060,4980
5061,4981
5062,4982
5063,4983
5064,4984
5065,4985
5066,4986
5067,4987
5068,4988
5069,4989
5070,4990
5071,4991
5072,4992
5073,4992
5074,4993
5075,4994
5076,4995
5077,4996
5078,4997
5079,4998
5080,4999
5081,5000
5082,5001
5083,5002
5084,5003
5085,5004
5086,5005
5087,5006
5088,5007
5089,5008
5090,5009
5091,5010
5092,5011
5093,5012
5094,5012
5095,5013
5096,5014
5097,5015
5098,5016
5099,5017
5100,5018
5101,5019
5102,5020
5103,5021
5104,5022
5105,5023
5106,5024
5107,5025
5108,5026
5109,5027
5110,5028
5111,5029
5112,5030
5113,5031
5114,5031
5115,5032
5116,5033
5117,5034
5118,5035
5119,5036
5120,5037
5121,5038
5122,5039
5123,5040
5124,5041
5125,5042
5126,5043
5127,5044
5128,5045
5129,5046
5130,5047
5131,5048
5132,5049
5133,5050
5134,5051
5135,5052
5136,5053
5137,5054
5138,5055
5139,5056
5140,5057
5141,5058
5142,5059
5143,5060
5144,5061
5145,5062
5146,5063
5147,5064
5148,5065
5149,5066
5150,5067
5151,5068
5152,5069
5153,5070
5154,5071
5155,5072
5156,5073
5157,5074
5158,5075
5159,5076
5160,5077
5161,5078
5162,5079
5163,5080
5164,5081
5165,5082
5166,5083
5167,5084
5168,5085
5169,5086
5170,5087
5171,5088
5172,5089
5173,5090
5174,5091
5175,5092
5176,5093
5177,5094
5178,5095
5179,5096
5180,5097
5181,5098
5182,5099
5183,5100
5184,5101
5185,5102
5186,5103
5187,5104
5188,5105
5189,5106
5190,5107
5191,5108
5192,5109
5193,5110
5194,5110
5195,5111
5196,5112
5197,5113
5198,5114
5199,5115
5200,5116
5201,5117
5202,5118
5203,5119
5204,5120
5205,5121
5206,5122
5207,5123
5208,5124
5209,5125
5210,5126
5211,5127
5212,5128
5213,5129
5214,5130
5215,5131
5216,5132
5217,5133
5218,5134
5219,5135
5220,5136
5221,5137
5222,5138
5223,5139
5224,5140
5225,5141
5226,5142
5227,5143
5228,5144
5229,5145
5230,5146
5231,5147
5232,5148
5233,5149
5234,5150
5235,5151
5236,5152
5237,5153
5238,5154
5239,5155
5240,5156
5241,5157
5242,5158
5243,5159
5244,5160
5245,5161
5246,5162
5247,5163
5248,5164
5249,5165
5250,5166
5251,5167
5252,5168
5253,5169
5254,5170
5255,5171
5256,5172
5257,5173
5258,5174
5259,5175
5260,5176
5261,5177
5262,5178
5263,5179
5264,5180
5265,5181
5266,5182
5267,5183
5268,5184
5269,5185
5270,5186
5271,5187
5272,5188
5273,5189
5274,5190
5275,5191
5276,5192
5277,5193
5278,5194
5279,5194
5280,5195
5281,5196
5282,5197
5283,5198
5284,5199
5285,5200
5286,5201
5287,5202
5288,5203
5289,5204
5290,5205
5291,5206
5292,5207
5293,5208
5294,5209
5295,5210
5296,5211
5297,5212
5298,5213
5299,5214
5300,5215
5301,5216
5302,5217
5303,5218
5304,5219
5305,5220
5306,5221
5307,5222
5308,5223
5309,5224
5310,5225
5311,5226
5312,5227
5313,5228
5314,5229
5315,5230
5316,5231
5317,5232
5318,5233
5319,5234
5320,5235
5321,5236
5322,5237
5323,5238
5324,5239
5325,5240
5326,5241
5327,5242
5328,5243
5329,5244
5330,5245
5331,5246
5332,5247
5333,5247
5334,5248
5335,5249
5336,5250
5337,5251
5338,5252
5339,5253
5340,5254
5341,5255
5342,5256
5343,5257
5344,5258
5345,5259
5346,5260
5347,5261
5348,5262
5349,5263
5350,5264
5351,5265
5352,5266
5353,5267
5354,5268
5355,5269
5356,5270
5357,5271
5358,5272
5359,5273
5360,5274
5361,5275
5362,5275
5363,5276
5364,5277
5365,5278
5366,5279
5367,5280
5368,5281
5369,5282
5370,5283
5371,5284
5372,5285
5373,5286
5374,5287
5375,5288
5376,5289
5377,5290
5378,5291
5379,5292
5380,5293
5381,5294
5382,5295
5383,5296
5384,5297
5385,5298
5386,5299
5387,5300
5388,5301
5389,5302
5390,5303
5391,5304
5392,5305
5393,5306
5394,5307
5395,5308
5396,5309
5397,5310
5398,5311
5399,5312
5400,5313
5401,5314
5402,5315
5403,5316
5404,5317
5405,5318
5406,5319
5407,5320
5408,5321
5409,5322
5410,5323
5411,5324
5412,5325
5413,5326
5414,5327
5415,5328
5416,5329
5417,5330
5418,5331
5419,5332
5420,5333
5421,5334
5422,5335
5423,5335
5424,5336
5425,5337
5426,5338
5427,5339
5428,5340
5429,5341
5430,5342
5431,5343
5432,5344
5433,5345
5434,5346
5435,5347
5436,5348
5437,5349
5438,5350
5439,5351
5440,5352
5441,5353
5442,5354
5443,5355
5444,5356
5445,5357
5446,5358
5447,5359
5448,5360
5449,5361
5450,5362
5451,5363
5452,5364
5453,5365
5454,5366
5455,5367
5456,5368
5457,5369
5458,5370
5459,5371
5460,5372
5461,5373
5462,5374
5463,5375
5464,5376
5465,5377
5466,5378
5467,5379
5468,5380
5469,5381
5470,5382
5471,5383
5472,5384
5473,5385
5474,5386
5475,5387
5476,5388
5477,5389
5478,5390
5479,5391
5480,5392
5481,5393
5482,5394
5483,5394
5484,5395
5485,5396
5486,5397
5487,5398
5488,5399
5489,5400
5490,5401
5491,5402
5492,5403
5493,5404
5494,5405
5495,5406
5496,5407
5497,5408
5498,5409
5499,5410
5500,5411
5501,5412
5502,5413
5503,5414
5504,5415
5505,5416
5506,5417
5507,5418
5508,5419
5509,5420
5510,5421
5511,5422
5512,5423
5513,5424
5514,5425
5515,5426
5516,5427
5517,5428
5518,5429
5519,5430
5520,5431
5521,5432
5522,5433
5523,5434
5524,5435
5525,5436
5526,5437
5527,5438
5528,5439
5529,5440
5530,5441
5531,5442
5532,5443
5533,5444
5534,5445
5535,5446
5536,5447
5537,5448
5538,5449
5539,5450
5540,5451
5541,5452
5542,5453
5543,5454
5544,5455
5545,5456
5546,5457
5547,5458
5548,5459
5549,5460
5550,5461
5551,5462
5552,5463
5553,5464
5554,5465
5555,5466
5556,5467
5557,5468
5558,5469
5559,5470
5560,5471
5561,5472
5562,5473
5563,5474
5564,5475
5565,5476
5566,5477
5567,5478
5568,5479
5569,5479
5570,5480
5571,5481
5572,5482
5573,5483
5574,5484
5575,5485
5576,5486
5577,5487
5578,5488
5579,5489
5580,5490
5581,5491
5582,5492
5583,5493
5584,5494
5585,5495
5586,5496
5587,5497
5588,5498
5589,5499
5590,5500
5591,5501
5592,5502
5593,5503
5594,5504
5595,5505
5596,5506
5597,5507
5598,5508
5599,5509
5600,5510
5601,5511
5602,5512
5603,5513
5604,5514
5605,5515
5606,5516
5607,5517
5608,5518
5609,5519
5610,5520
5611,5521
5612,5522
5613,5523
5614,5524
5615,5525
5616,5526
5617,5527
5618,5528
5619,5529
5620,5530
5621,5531
5622,5532
5623,5533
5624,5534
5625,5535
5626,5536
5627,5537
5628,5538
5629,5539
5630,5540
5631,5541
5632,5542
5633,5543
5634,5544
5635,5545
5636,5546
5637,5547
5638,5548
5639,5549
5640,5550
5641,5551
5642,5552
5643,5553
5644,5554
5645,5555
5646,5556
5647,5557
5648,5558
5649,5559
5650,5560
5651,5561
5652,5562
5653,5563
5654,5564
5655,5565
5656,5566
5657,5567
5658,5568
5659,5569
5660,5570
5661,5571
5662,5572
5663,5573
5664,5574
5665,5575
5666,5576
5667,5577
5668,5578
5669,5579
5670,5580
5671,5581
5672,5582
5673,5583
5674,5584
5675,5585
5676,5585
5677,5586
5678,5587
5679,5588
5680,5588
5681,5589
5682,5590
5683,5591
5684,5592
5685,5593
5686,5594
5687,5595
5688,5596
5689,5597
5690,5598
5691,5599
5692,5600
5693,5601
5694,5602
5695,5603
5696,5604
5697,5605
5698,5606
5699,5607
5700,5608
5701,5609
5702,5610
5703,5611
5704,5612
5705,5613
5706,5614
5707,5615
5708,5616
5709,5617
5710,5618
5711,5619
5712,5620
5713,5621
5714,5622
5715,5623
5716,5624
5717,5625
5718,5626
5719,5627
5720,5628
5721,5629
5722,5630
5723,5631
5724,5632
5725,5633
5726,5634
5727,5635
5728,5636
5729,5637
5730,5638
5731,5639
5732,5640
5733,5641
5734,5642
5735,5643
5736,5644
5737,5645
5738,5646
5739,5647
5740,5648
5741,5649
5742,5650
5743,5651
5744,5652
5745,5653
5746,5654
5747,5655
5748,5656
5749,5656
5750,5657
5751,5658
5752,5659
5753,5660
5754,5661
5755,5662
5756,5663
5757,5664
5758,5665
5759,5666
5760,5667
5761,5668
5762,5669
5763,5670
5764,5671
5765,5672
5766,5672
5767,5673
5768,5674
5769,5675
5770,5676
5771,5677
5772,5677
5773,5678
5774,5679
5775,5680
5776,5681
5777,5682
5778,5683
5779,5684
5780,5685
5781,5686
5782,5687
5783,5688
5784,5689
5785,5690
5786,5691
5787,5692
5788,5693
5789,5694
5790,5695
5791,5696
5792,5697
5793,5698
5794,5698
5795,5699
5796,5700
5797,5701
5798,5702
5799,5703
5800,5704
5801,5705
5802,5706
5803,5707
5804,5708
5805,5709
5806,5710
5807,5711
5808,5712
5809,5713
5810,5714
5811,5715
5812,5716
5813,5717
5814,5718
5815,5719
5816,5720
5817,5721
5818,5722
5819,5723
5820,5724
5821,5725
5822,5726
5823,5727
5824,5728
5825,5729
5826,5730
5827,5731
5828,5732
5829,5733
5830,5734
5831,5735
5832,5736
5833,5737
5834,5738
5835,5739
5836,5740
5837,5741
5838,5742
5839,5743
5840,5744
5841,5745
5842,5746
5843,5747
5844,5748
5845,5749
5846,5750
5847,5751
5848,5752
5849,5753
5850,5754
5851,5755
5852,5756
5853,5757
5854,5758
5855,5759
5856,5760
5857,5761
5858,5762
5859,5763
5860,5764
5861,5764
5862,5765
5863,5766
5864,5767
5865,5768
5866,5769
5867,5770
5868,5771
5869,5772
5870,5773
5871,5774
5872,5775
5873,5776
5874,5777
5875,5778
5876,5779
5877,5780
5878,5781
5879,5781
5880,5782
5881,5783
5882,5784
5883,5785
5884,5786
5885,5787
5886,5788
5887,5789
5888,5790
5889,5791
5890,5792
5891,5793
5892,5794
5893,5795
5894,5796
5895,5797
5896,5798
5897,5799
5898,5800
5899,5801
5900,5802
5901,5803
5902,5804
5903,5805
5904,5806
5905,5807
5906,5808
5907,5809
5908,5810
5909,5811
5910,5812
5911,5813
5912,5814
5913,5815
5914,5816
5915,5817
5916,5818
5917,5819
5918,5820
5919,5821
5920,5822
5921,5823
5922,5824
5923,5825
5924,5826
5925,5827
5926,5828
5927,5829
5928,5830
5929,5831
5930,5832
5931,5833
5932,5834
5933,5835
5934,5836
5935,5837
5936,5838
5937,5839
5938,5840
5939,5841
5940,5842
5941,5843
5942,5844
5943,5845
5944,5846
5945,5847
5946,5848
5947,5849
5948,5850
5949,5851
5950,5852
5951,5853
5952,5854
5953,5855
5954,5856
5955,5857
5956,5858
5957,5859
5958,5860
5959,5861
5960,5862
5961,5863
5962,5864
5963,5865
5964,5866
5965,5867
5966,5868
5967,5869
5968,5870
5969,5871
5970,5872
5971,5873
5972,5874
5973,5875
5974,5876
5975,5877
5976,5878
5977,5879
5978,5880
5979,5881
5980,5882
5981,5883
5982,5884
5983,5885
5984,5886
5985,5887
5986,5888
5987,5889
5988,5890
5989,5891
5990,5892
5991,5893
5992,5894
5993,5895
5994,5896
5995,5897
5996,5898
5997,5899
5998,5900
5999,5901
6000,5902
6001,5903
6002,5904
6003,5905
6004,5906
6005,5907
6006,5908
6007,5909
6008,5910
6009,5911
6010,5912
6011,5913
6012,5914
6013,5915
6014,5916
6015,5917
6016,5918
6017,5919
6018,5920
6019,5921
6020,5922
6021,5923
6022,5924
6023,5925
6024,5926
6025,5927
6026,5928
6027,5929
6028,5930
6029,5931
6030,5932
6031,5933
6032,5934
6033,5935
6034,5936
6035,5937
6036,5938
6037,5939
6038,5940
6039,5941
6040,5942
6041,5943
6042,5944
6043,5945
6044,5946
6045,5947
6046,5948
6047,5949
6048,5950
6049,5951
6050,5952
6051,5953
6052,5954
6053,5955
6054,5956
6055,5957
6056,5958
6057,5959
6058,5960
6059,5961
6060,5962
6061,5963
6062,5964
6063,5965
6064,5966
6065,5967
6066,5968
6067,5969
6068,5970
6069,5971
6070,5972
6071,5973
6072,5974
6073,5975
6074,5976
6075,5977
6076,5978
6077,5979
6078,5980
6079,5981
6080,5982
6081,5983
6082,5984
6083,5985
6084,5986
6085,5987
6086,5988
6087,5989
6088,5990
6089,5991
6090,5992
6091,5993
6092,5994
6093,5995
6094,5996
6095,5997
6096,5998
6097,5999
6098,6000
6099,6001
6100,6002
6101,6003
6102,6004
6103,6005
6104,6006
6105,6007
6106,6008
6107,6009
6108,6010
6109,6011
6110,6012
6111,6013
6112,6014
6113,6015
6114,6016
6115,6017
6116,6018
6117,6019
6118,6020
6119,6021
6120,6022
6121,6023
6122,6024
6123,6025
6124,6026
6125,6027
6126,6028
6127,6029
6128,6030
6129,6031
6130,6032
6131,6032
6132,6033
6133,6034
6134,6035
6135,6036
6136,6036
6137,6037
6138,6038
6139,6038
6140,6039
6141,6040
6142,6041
6143,6042
6144,6043
6145,6044
6146,6045
6147,6046
6148,6047
6149,6048
6150,6049
6151,6050
6152,6051
6153,6052
6154,6053
6155,6054
6156,6055
6157,6056
6158,6057
6159,6058
6160,6059
6161,6060
6162,6061
6163,6062
6164,6063
6165,6064
6166,6065
6167,6066
6168,6067
6169,6068
6170,6069
6171,6070
6172,6071
6173,6072
6174,6073
6175,6074
6176,6075
6177,6076
6178,6077
6179,6078
6180,6079
6181,6080
6182,6081
6183,6082
6184,6083
6185,6084
6186,6085
6187,6086
6188,6087
6189,6088
6190,6089
6191,6090
6192,6091
6193,6092
6194,6093
6195,6094
6196,6095
6197,6096
6198,6097
6199,6098
6200,6099
6201,6100
6202,6101
6203,6102
6204,6103
6205,6104
6206,6105
6207,6106
6208,6107
6209,6108
6210,6109
6211,6110
6212,6111
6213,6112
6214,6113
6215,6114
6216,6115
6217,6116
6218,6117
6219,6118
6220,6119
6221,6120
6222,6121
6223,6122
6224,6123
6225,6124
6226,6125
6227,6126
6228,6127
6229,6128
6230,6129
6231,6130
6232,6131
6233,6132
6234,6133
6235,6134
6236,6135
6237,6136
6238,6137
6239,6138
6240,6139
6241,6140
6242,6141
6243,6142
6244,6143
6245,6144
6246,6145
6247,6146
6248,6147
6249,6148
6250,6149
6251,6150
6252,6151
6253,6152
6254,6153
6255,6154
6256,6155
6257,6156
6258,6157
6259,6158
6260,6159
6261,6160
6262,6161
6263,6162
6264,6163
6265,6164
6266,6165
6267,6166
6268,6167
6269,6167
6270,6168
6271,6169
6272,6170
6273,6171
6274,6172
6275,6173
6276,6174
6277,6175
6278,6176
6279,6177
6280,6178
6281,6179
6282,6180
6283,6181
6284,6182
6285,6183
6286,6184
6287,6185
6288,6186
6289,6187
6290,6188
6291,6189
6292,6190
6293,6191
6294,6192
6295,6193
6296,6194
6297,6195
6298,6196
6299,6197
6300,6198
6301,6199
6302,6200
6303,6201
6304,6202
6305,6203
6306,6204
6307,6205
6308,6206
6309,6207
6310,6208
6311,6209
6312,6210
6313,6211
6314,6212
6315,6213
6316,6214
6317,6215
6318,6216
6319,6217
6320,6218
6321,6219
6322,6220
6323,6221
6324,6222
6325,6223
6326,6224
6327,6225
6328,6226
6329,6227
6330,6228
6331,6229
6332,6230
6333,6231
6334,6232
6335,6233
6336,6234
6337,6235
6338,6236
6339,6237
6340,6238
6341,6239
6342,6240
6343,6241
6344,6242
6345,6243
6346,6244
6347,6245
6348,6246
6349,6247
6350,6248
6351,6249
6352,6250
6353,6251
6354,6252
6355,6253
6356,6254
6357,6255
6358,6256
6359,6257
